1 1 1.0
1 2 0.398824301577
1 3 0.41219311249
1 4 0.314641724709
1 5 0.308920748298
1 6 0.293405697041
1 7 0.326630947249
1 8 0.348545059514
1 9 0.296396648263
1 10 0.309170649875
1 11 0.811483558782
1 12 0.370900531375
1 13 0.348288222224
1 14 0.341430983086
1 15 0.31496995013
1 16 0.383104902267
1 17 0.368524546375
1 18 0.379495951974
1 19 0.397041084816
1 20 0.342096422808
1 21 0.373614042487
1 22 0.40637771405
1 23 0.368602297411
1 24 0.346689287324
1 25 0.35170542314
1 26 0.337027927867
1 27 0.36643088483
1 28 0.31706326572
1 29 0.343835464503
1 30 0.432112380263
1 31 0.194142887627
1 32 0.323003839643
1 33 0.838748269825
1 34 0.322754625416
1 35 0.32406353202
1 36 0.368387797941
1 37 0.377116351007
1 38 0.312725785021
1 39 0.393520477322
1 40 0.361810610117
1 41 0.34205673173
1 42 0.357457774709
1 43 0.332472377973
1 44 0.31064690464
1 45 0.333663142319
1 46 0.296806534369
1 47 0.285819846199
1 48 0.369610280094
1 49 0.403323944925
1 50 0.36978622577
1 51 0.363211253706
1 52 0.357686565909
1 53 0.413514708244
1 54 0.41366459786
1 55 0.389377136501
1 56 0.309868007999
1 57 0.444076539175
1 58 0.312631549751
1 59 0.319108253284
1 60 0.398132794707
1 61 0.354982204347
1 62 0.343091380372
1 63 0.357760950811
1 64 0.3448527926
1 65 0.34125557242
1 66 0.343371050842
1 67 0.479166388048
1 68 0.386064980428
1 69 0.368375695806
1 70 0.331885006818
1 71 0.358001526426
1 72 0.411881776155
1 73 0.41894017399
1 74 0.319879918794
1 75 0.295949381304
1 76 0.124803012311
1 77 0.122843382831
1 78 0.303542471958
1 79 0.0553781634986
1 80 0.0939855407855
1 81 0.309237269176
1 82 0.792549190966
1 83 0.44306136822
1 84 0.325976906293
1 85 0.221949866916
1 86 0.262397369149
1 87 0.239256350491
1 88 0.118587608497
1 89 0.131316722529
1 90 0.291168850594
1 91 0.161116812082
1 92 0.317449627891
1 93 0.402969531834
1 94 0.332081829137
1 95 0.33913271803
1 96 0.343454093241
1 97 0.493992051861
1 98 0.40211577908
1 99 0.126080593889
2 1 0.398824301577
2 2 1.0
2 3 0.79633937567
2 4 0.720839411876
2 5 0.777565882662
2 6 0.747319125797
2 7 0.787675196457
2 8 0.711474819763
2 9 0.791237927987
2 10 0.745582847331
2 11 0.309647442973
2 12 0.644510410857
2 13 0.692558640763
2 14 0.67970253239
2 15 0.774970162333
2 16 0.84769510146
2 17 0.788537660735
2 18 0.801150590502
2 19 0.753112398966
2 20 0.677047091009
2 21 0.785806763915
2 22 0.754401658496
2 23 0.801685120578
2 24 0.752884017389
2 25 0.698859654477
2 26 0.800898814724
2 27 0.801201155976
2 28 0.710529930688
2 29 0.660315054316
2 30 0.61891427193
2 31 0.622356129739
2 32 0.678621879793
2 33 0.388129555399
2 34 0.716444462702
2 35 0.728735736505
2 36 0.775701162762
2 37 0.861937853987
2 38 0.750623111987
2 39 0.766372587704
2 40 0.812156803194
2 41 0.687794846441
2 42 0.766727665224
2 43 0.721539515099
2 44 0.72982930712
2 45 0.710273795832
2 46 0.756566152145
2 47 0.728014756789
2 48 0.78356776217
2 49 0.752430670769
2 50 0.799377071103
2 51 0.826802962499
2 52 0.814411910466
2 53 0.680331125919
2 54 0.68741329789
2 55 0.800707516067
2 56 0.681734191291
2 57 0.817258403741
2 58 0.708391632362
2 59 0.716002892977
2 60 0.812710805553
2 61 0.725000984956
2 62 0.737934311294
2 63 0.730089235226
2 64 0.734444241329
2 65 0.739151373927
2 66 0.675782186011
2 67 0.781498791108
2 68 0.774814753087
2 69 0.800508282545
2 70 0.780707575914
2 71 0.787935225059
2 72 0.775340672397
2 73 0.768106455029
2 74 0.678858131812
2 75 0.692323935146
2 76 0.419768695029
2 77 0.530679838055
2 78 0.753123305473
2 79 0.504563043485
2 80 0.623987956239
2 81 0.734578866018
2 82 0.295326587046
2 83 0.798049241668
2 84 0.795081738148
2 85 0.665458477059
2 86 0.70110117127
2 87 0.69262707156
2 88 0.591828250791
2 89 0.5900320677
2 90 0.693251347091
2 91 0.573667335385
2 92 0.74066998104
2 93 0.83707253141
2 94 0.713905475593
2 95 0.711150783435
2 96 0.822891898506
2 97 0.557998888231
2 98 0.837131126922
2 99 0.601113530695
3 1 0.41219311249
3 2 0.79633937567
3 3 1.0
3 4 0.83951179192
3 5 0.926619337141
3 6 0.892707490721
3 7 0.933975394355
3 8 0.856846538336
3 9 0.858444882278
3 10 0.888905048632
3 11 0.361518426611
3 12 0.773623111766
3 13 0.842856986226
3 14 0.760271480477
3 15 0.870200986074
3 16 0.842794415824
3 17 0.774829168255
3 18 0.820329972828
3 19 0.807643865066
3 20 0.801430377106
3 21 0.777265116802
3 22 0.828745482183
3 23 0.783148139598
3 24 0.887997636102
3 25 0.843490034802
3 26 0.824332272054
3 27 0.823581823578
3 28 0.853830255303
3 29 0.803864511464
3 30 0.738917271078
3 31 0.669086977577
3 32 0.72516708177
3 33 0.466009635622
3 34 0.865674257519
3 35 0.840266255183
3 36 0.858492457115
3 37 0.867623019198
3 38 0.890707126175
3 39 0.807375252591
3 40 0.828219269706
3 41 0.819690366976
3 42 0.774503002928
3 43 0.89071652839
3 44 0.879022646256
3 45 0.856014610773
3 46 0.846904084934
3 47 0.883557717072
3 48 0.812356996795
3 49 0.806348446381
3 50 0.81322481702
3 51 0.848596631582
3 52 0.824832105094
3 53 0.662930398603
3 54 0.671702537166
3 55 0.828639071682
3 56 0.815770674876
3 57 0.836283974987
3 58 0.836280109575
3 59 0.875106433227
3 60 0.859932822967
3 61 0.809982190273
3 62 0.870431780279
3 63 0.846556058271
3 64 0.903892488628
3 65 0.896505664693
3 66 0.828637653547
3 67 0.742482716624
3 68 0.842709510381
3 69 0.94338586827
3 70 0.820385428861
3 71 0.841860153963
3 72 0.765022473282
3 73 0.762516008739
3 74 0.817879566677
3 75 0.829653534327
3 76 0.52944745252
3 77 0.602181180987
3 78 0.867451668649
3 79 0.575919376699
3 80 0.711147773222
3 81 0.850652323702
3 82 0.329893848575
3 83 0.809709739396
3 84 0.867449756925
3 85 0.71578568069
3 86 0.729579014945
3 87 0.744033987013
3 88 0.621504605905
3 89 0.667987892389
3 90 0.692843597917
3 91 0.664163176023
3 92 0.881352136418
3 93 0.883143693201
3 94 0.855051707098
3 95 0.866862893824
3 96 0.848165967802
3 97 0.527132895272
3 98 0.845117120625
3 99 0.620925447855
4 1 0.314641724709
4 2 0.720839411876
4 3 0.83951179192
4 4 1.0
4 5 0.838720145005
4 6 0.797247387411
4 7 0.838464106994
4 8 0.815239729054
4 9 0.820025097525
4 10 0.803970748412
4 11 0.25453363656
4 12 0.784446373993
4 13 0.738001800015
4 14 0.722353473598
4 15 0.786227648735
4 16 0.813985965994
4 17 0.705651259663
4 18 0.724593858221
4 19 0.742281638398
4 20 0.752471596022
4 21 0.821021898053
4 22 0.700895310939
4 23 0.700855428761
4 24 0.789520481924
4 25 0.811936870485
4 26 0.742621244961
4 27 0.797943117663
4 28 0.821491448979
4 29 0.704218547625
4 30 0.619166891991
4 31 0.595079586442
4 32 0.702376176669
4 33 0.336787208508
4 34 0.86724120938
4 35 0.786525001027
4 36 0.7497746154
4 37 0.780433680947
4 38 0.799906858405
4 39 0.803863982431
4 40 0.751010678834
4 41 0.786950302198
4 42 0.755692983314
4 43 0.839805261989
4 44 0.786026197731
4 45 0.816341357044
4 46 0.792303577985
4 47 0.784063517609
4 48 0.719802455004
4 49 0.695694971764
4 50 0.739285063445
4 51 0.768126406371
4 52 0.738335344874
4 53 0.683859559021
4 54 0.684792182068
4 55 0.735236028534
4 56 0.876651487803
4 57 0.742009510035
4 58 0.916908363235
4 59 0.782105201564
4 60 0.754133783966
4 61 0.769849634699
4 62 0.844482140665
4 63 0.934551523328
4 64 0.785739735899
4 65 0.788467335821
4 66 0.785989114309
4 67 0.653406236086
4 68 0.744668206941
4 69 0.831976568313
4 70 0.728729003647
4 71 0.75330294527
4 72 0.8516909547
4 73 0.850189147194
4 74 0.883885421231
4 75 0.780326432982
4 76 0.462962342034
4 77 0.513187207715
4 78 0.763562293517
4 79 0.51105226597
4 80 0.642412732896
4 81 0.742588780626
4 82 0.22184758704
4 83 0.683047218104
4 84 0.766183196756
4 85 0.63821439436
4 86 0.715729819372
4 87 0.667168631235
4 88 0.551971671555
4 89 0.584703124514
4 90 0.609974968793
4 91 0.588232145093
4 92 0.773290537279
4 93 0.781291657587
4 94 0.765056093871
4 95 0.768658503866
4 96 0.756545466801
4 97 0.499707545653
4 98 0.767588843183
4 99 0.562929194369
5 1 0.308920748298
5 2 0.777565882662
5 3 0.926619337141
5 4 0.838720145005
5 5 1.0
5 6 0.874840466575
5 7 0.919747126135
5 8 0.837968744618
5 9 0.872372057122
5 10 0.885860910873
5 11 0.242943327349
5 12 0.754196772898
5 13 0.846615538094
5 14 0.831268533011
5 15 0.862849704949
5 16 0.84334528903
5 17 0.781252284865
5 18 0.807580792225
5 19 0.767639327277
5 20 0.806995407343
5 21 0.792425563496
5 22 0.803847358794
5 23 0.779374391263
5 24 0.865102019088
5 25 0.842609478456
5 26 0.8349880349
5 27 0.828701681695
5 28 0.842964260302
5 29 0.806850818431
5 30 0.681081028706
5 31 0.683213065728
5 32 0.742385776822
5 33 0.331006785934
5 34 0.862714650116
5 35 0.83228728035
5 36 0.896634693357
5 37 0.869511205963
5 38 0.878372498223
5 39 0.764659504696
5 40 0.840364403961
5 41 0.80927703901
5 42 0.782578853702
5 43 0.855134769812
5 44 0.891388833533
5 45 0.838641801774
5 46 0.841494700752
5 47 0.860266044042
5 48 0.791988338304
5 49 0.794121803089
5 50 0.821842522174
5 51 0.850004946958
5 52 0.826153524901
5 53 0.657488580555
5 54 0.658300906045
5 55 0.821262390664
5 56 0.793432180898
5 57 0.794940404834
5 58 0.82506814714
5 59 0.881304709709
5 60 0.837715512738
5 61 0.78829120708
5 62 0.864003892743
5 63 0.842882699871
5 64 0.859511174468
5 65 0.861182738145
5 66 0.80853054659
5 67 0.719050662469
5 68 0.818541341514
5 69 0.911614701939
5 70 0.823793873154
5 71 0.843256665176
5 72 0.767606578568
5 73 0.765977041321
5 74 0.797084377095
5 75 0.8517687065
5 76 0.542892318416
5 77 0.600888491663
5 78 0.858714718809
5 79 0.61361046504
5 80 0.760400085964
5 81 0.896148241018
5 82 0.205794214069
5 83 0.755014789152
5 84 0.860749380752
5 85 0.736314444052
5 86 0.753126042195
5 87 0.766638962901
5 88 0.649366747516
5 89 0.688380179721
5 90 0.704563129123
5 91 0.691742451102
5 92 0.875904982398
5 93 0.857207995544
5 94 0.864359290828
5 95 0.871694189606
5 96 0.836361972408
5 97 0.477569802114
5 98 0.853973740278
5 99 0.654875867179
6 1 0.293405697041
6 2 0.747319125797
6 3 0.892707490721
6 4 0.797247387411
6 5 0.874840466575
6 6 1.0
6 7 0.945383429394
6 8 0.851940589275
6 9 0.803005210999
6 10 0.959215960551
6 11 0.270020488079
6 12 0.727770622845
6 13 0.79333901802
6 14 0.722359262285
6 15 0.933938584479
6 16 0.803000003227
6 17 0.755835055272
6 18 0.833258488216
6 19 0.76355635956
6 20 0.754870040461
6 21 0.76474547838
6 22 0.788642353317
6 23 0.757129285994
6 24 0.907885248053
6 25 0.802244948327
6 26 0.786092074515
6 27 0.781119041358
6 28 0.887626978164
6 29 0.783521575362
6 30 0.700984414342
6 31 0.666859793025
6 32 0.706631017036
6 33 0.348264310987
6 34 0.851791134597
6 35 0.821310880528
6 36 0.839318835797
6 37 0.827543356218
6 38 0.89650457119
6 39 0.77214089603
6 40 0.794091407787
6 41 0.819965341325
6 42 0.761737418456
6 43 0.87511687458
6 44 0.832752416548
6 45 0.833830400979
6 46 0.811585472213
6 47 0.900277010428
6 48 0.801988554441
6 49 0.786666474922
6 50 0.794557335224
6 51 0.812670850147
6 52 0.789674241006
6 53 0.637855548927
6 54 0.65445955839
6 55 0.800958998241
6 56 0.847674029611
6 57 0.790595903335
6 58 0.806947794895
6 59 0.850393369257
6 60 0.828503138034
6 61 0.822625909192
6 62 0.830794282273
6 63 0.808967352461
6 64 0.912205478366
6 65 0.965067909637
6 66 0.806880458155
6 67 0.696614708232
6 68 0.850134035401
6 69 0.900021736177
6 70 0.846607411528
6 71 0.812015827895
6 72 0.731007719677
6 73 0.729281923689
6 74 0.788824502262
6 75 0.801884318089
6 76 0.51762900548
6 77 0.595849625611
6 78 0.850072669257
6 79 0.572390198502
6 80 0.712201160876
6 81 0.810859376376
6 82 0.236920412096
6 83 0.750089961393
6 84 0.836771742346
6 85 0.712605945222
6 86 0.750043721359
6 87 0.741726136267
6 88 0.605665708145
6 89 0.667428028978
6 90 0.704319787887
6 91 0.644097786822
6 92 0.854680940112
6 93 0.851957115769
6 94 0.820558135391
6 95 0.82030760059
6 96 0.81660388888
6 97 0.474990631756
6 98 0.827723439028
6 99 0.629902987156
7 1 0.326630947249
7 2 0.787675196457
7 3 0.933975394355
7 4 0.838464106994
7 5 0.919747126135
7 6 0.945383429394
7 7 1.0
7 8 0.908498536773
7 9 0.849695900504
7 10 0.93922271316
7 11 0.274617482976
7 12 0.762761137655
7 13 0.833908247438
7 14 0.761420719358
7 15 0.926066581608
7 16 0.849816409773
7 17 0.786003239149
7 18 0.821568308856
7 19 0.789749612956
7 20 0.790120986604
7 21 0.798773023195
7 22 0.800493784647
7 23 0.78226372386
7 24 0.933597408622
7 25 0.843322305493
7 26 0.826281189616
7 27 0.825862281115
7 28 0.924166968846
7 29 0.806990126842
7 30 0.681395624119
7 31 0.680787858918
7 32 0.732130993257
7 33 0.367955059053
7 34 0.853168269306
7 35 0.822801267858
7 36 0.841258993222
7 37 0.869693785447
7 38 0.879827479195
7 39 0.787588557512
7 40 0.838247526106
7 41 0.87733821191
7 42 0.790303903752
7 43 0.87137182278
7 44 0.876446563125
7 45 0.857724110795
7 46 0.832092764981
7 47 0.870784457692
7 48 0.813597062474
7 49 0.793811420721
7 50 0.827944365937
7 51 0.853690462319
7 52 0.828334098078
7 53 0.66622976602
7 54 0.672385289396
7 55 0.82783397899
7 56 0.870337569472
7 57 0.814243923942
7 58 0.837046215826
7 59 0.873187074831
7 60 0.850595623177
7 61 0.862500262945
7 62 0.874389015534
7 63 0.849365615853
7 64 0.934855053097
7 65 0.930683507343
7 66 0.827727263958
7 67 0.71113366707
7 68 0.884144409555
7 69 0.927296197905
7 70 0.81991167731
7 71 0.83939273654
7 72 0.76897294598
7 73 0.768204902159
7 74 0.816556650497
7 75 0.836202310357
7 76 0.528782287073
7 77 0.601658820343
7 78 0.856744363926
7 79 0.597126932448
7 80 0.74525422379
7 81 0.834312103253
7 82 0.245223791021
7 83 0.767375705194
7 84 0.862285360681
7 85 0.728903603103
7 86 0.746802528976
7 87 0.757370167331
7 88 0.63877949881
7 89 0.684105688745
7 90 0.705059341992
7 91 0.671775504892
7 92 0.863221459256
7 93 0.864531204639
7 94 0.852602748009
7 95 0.857389870785
7 96 0.849511504893
7 97 0.488492898577
7 98 0.859461174899
7 99 0.652465004306
8 1 0.348545059514
8 2 0.711474819763
8 3 0.856846538336
8 4 0.815239729054
8 5 0.837968744618
8 6 0.851940589275
8 7 0.908498536773
8 8 1.0
8 9 0.783481705669
8 10 0.897732585162
8 11 0.282932700772
8 12 0.787638669568
8 13 0.798497448706
8 14 0.681561204587
8 15 0.850561064664
8 16 0.773883899136
8 17 0.709676409933
8 18 0.738820881994
8 19 0.829328067312
8 20 0.722627202672
8 21 0.774696221327
8 22 0.732486642654
8 23 0.707273894057
8 24 0.864892915318
8 25 0.837031813375
8 26 0.759390100878
8 27 0.810337483508
8 28 0.933494442325
8 29 0.730934075004
8 30 0.61182773529
8 31 0.615452845707
8 32 0.714344638583
8 33 0.344735958622
8 34 0.77901607967
8 35 0.745177139274
8 36 0.818971089357
8 37 0.789303279982
8 38 0.838841378843
8 39 0.803419929592
8 40 0.759421177891
8 41 0.943845484299
8 42 0.768748775426
8 43 0.791479039029
8 44 0.815486413083
8 45 0.893377129765
8 46 0.757213482695
8 47 0.791711950702
8 48 0.747833597461
8 49 0.722174538565
8 50 0.770289583946
8 51 0.797531537793
8 52 0.766542403074
8 53 0.650328814236
8 54 0.649949018397
8 55 0.753608716379
8 56 0.840290477158
8 57 0.733552172706
8 58 0.80428750423
8 59 0.804825484184
8 60 0.777276048189
8 61 0.910306075587
8 62 0.884721487543
8 63 0.864449499453
8 64 0.849335598692
8 65 0.842503342009
8 66 0.867866715001
8 67 0.645525655889
8 68 0.810428400434
8 69 0.833061996118
8 70 0.757705691848
8 71 0.785897385391
8 72 0.760557815743
8 73 0.760375051061
8 74 0.78118445077
8 75 0.76055664386
8 76 0.481015526257
8 77 0.524380382805
8 78 0.769204670306
8 79 0.530731870685
8 80 0.663776980068
8 81 0.813143449941
8 82 0.268801729945
8 83 0.702702507087
8 84 0.781766703886
8 85 0.697991614988
8 86 0.732997028283
8 87 0.682415591889
8 88 0.560501126031
8 89 0.599159990163
8 90 0.625927617878
8 91 0.609199820737
8 92 0.785812055218
8 93 0.786112640679
8 94 0.789882212997
8 95 0.787064897964
8 96 0.771613210196
8 97 0.540970680079
8 98 0.772480751439
8 99 0.582606375532
9 1 0.296396648263
9 2 0.791237927987
9 3 0.858444882278
9 4 0.820025097525
9 5 0.872372057122
9 6 0.803005210999
9 7 0.849695900504
9 8 0.783481705669
9 9 1.0
9 10 0.82465068238
9 11 0.232681507089
9 12 0.748053975963
9 13 0.782554439949
9 14 0.752877035305
9 15 0.802476904342
9 16 0.769699469044
9 17 0.717286872343
9 18 0.735840860662
9 19 0.71070707425
9 20 0.796052486884
9 21 0.773242360079
9 22 0.741482027522
9 23 0.714625150268
9 24 0.801586579625
9 25 0.77709108071
9 26 0.765070337365
9 27 0.758366958986
9 28 0.772822349663
9 29 0.740505411699
9 30 0.629717069979
9 31 0.629088419662
9 32 0.679353924974
9 33 0.311645219329
9 34 0.844532259443
9 35 0.764100322195
9 36 0.780328964932
9 37 0.798872646068
9 38 0.813612966868
9 39 0.703177580919
9 40 0.775020019642
9 41 0.756042013264
9 42 0.715712628368
9 43 0.783160019924
9 44 0.824922571198
9 45 0.786730228466
9 46 0.890208936839
9 47 0.797246198935
9 48 0.727461813091
9 49 0.73083307253
9 50 0.76146356823
9 51 0.782906075952
9 52 0.761970310309
9 53 0.649105524562
9 54 0.643563357085
9 55 0.752656004313
9 56 0.787907554175
9 57 0.822659490256
9 58 0.809448237582
9 59 0.821408580903
9 60 0.771718823253
9 61 0.731038130589
9 62 0.798108870224
9 63 0.827318918582
9 64 0.792871506837
9 65 0.790364036846
9 66 0.752818330316
9 67 0.664647370031
9 68 0.757574313805
9 69 0.842244224527
9 70 0.757653504418
9 71 0.77870939899
9 72 0.759481487456
9 73 0.755937043276
9 74 0.778929000143
9 75 0.82021603672
9 76 0.501661155266
9 77 0.547561232607
9 78 0.789621418757
9 79 0.554497690673
9 80 0.68759081533
9 81 0.788055286246
9 82 0.193634471778
9 83 0.693779199392
9 84 0.789751921104
9 85 0.668810347416
9 86 0.680900754472
9 87 0.693446813864
9 88 0.585680628996
9 89 0.629197753289
9 90 0.630122763896
9 91 0.628909327543
9 92 0.813710617487
9 93 0.793797365647
9 94 0.807178951841
9 95 0.805196352127
9 96 0.769452568243
9 97 0.466697626697
9 98 0.784414084383
9 99 0.594256159587
10 1 0.309170649875
10 2 0.745582847331
10 3 0.888905048632
10 4 0.803970748412
10 5 0.885860910873
10 6 0.959215960551
10 7 0.93922271316
10 8 0.897732585162
10 9 0.82465068238
10 10 1.0
10 11 0.245237848002
10 12 0.772141259622
10 13 0.837858058801
10 14 0.725819964369
10 15 0.944809429119
10 16 0.811336286929
10 17 0.765163510876
10 18 0.826325313024
10 19 0.752216532187
10 20 0.764798285176
10 21 0.76073844057
10 22 0.773024777189
10 23 0.757771202261
10 24 0.896511976043
10 25 0.819413706841
10 26 0.802517781999
10 27 0.797078813313
10 28 0.86572821598
10 29 0.769837124
10 30 0.649380729408
10 31 0.679776795391
10 32 0.722869000698
10 33 0.317755266659
10 34 0.828077795273
10 35 0.800417599141
10 36 0.814581310254
10 37 0.836191956259
10 38 0.93259562609
10 39 0.755631572693
10 40 0.812963301025
10 41 0.866089202699
10 42 0.766194313285
10 43 0.844057016289
10 44 0.845495720158
10 45 0.831534585104
10 46 0.800478604343
10 47 0.890978599595
10 48 0.782899680131
10 49 0.766857282822
10 50 0.823124782902
10 51 0.837449276512
10 52 0.809737807615
10 53 0.650170575302
10 54 0.643999589498
10 55 0.800034060707
10 56 0.838610223368
10 57 0.777657900134
10 58 0.792457722708
10 59 0.849759031592
10 60 0.815293447496
10 61 0.836753661969
10 62 0.861510457138
10 63 0.840465120091
10 64 0.883384225632
10 65 0.939610614694
10 66 0.805570330494
10 67 0.676297455842
10 68 0.845201723417
10 69 0.871002586449
10 70 0.86682833265
10 71 0.830953383566
10 72 0.749131076832
10 73 0.748136994978
10 74 0.767233606184
10 75 0.815162398752
10 76 0.509599113905
10 77 0.56944906381
10 78 0.808463753626
10 79 0.590815402759
10 80 0.728920673643
10 81 0.809928000249
10 82 0.20978961538
10 83 0.739482115009
10 84 0.833170062315
10 85 0.746735946129
10 86 0.749148955155
10 87 0.74692928181
10 88 0.601356167548
10 89 0.664739848626
10 90 0.68011454978
10 91 0.658212487095
10 92 0.837630490667
10 93 0.830241807614
10 94 0.835207953361
10 95 0.82641753123
10 96 0.800493143068
10 97 0.523546733444
10 98 0.829913979825
10 99 0.629644911509
11 1 0.811483558782
11 2 0.309647442973
11 3 0.361518426611
11 4 0.25453363656
11 5 0.242943327349
11 6 0.270020488079
11 7 0.274617482976
11 8 0.282932700772
11 9 0.232681507089
11 10 0.245237848002
11 11 1.0
11 12 0.319151796221
11 13 0.297766413544
11 14 0.297671776965
11 15 0.26357284005
11 16 0.30250405
11 17 0.288482420059
11 18 0.309370565772
11 19 0.356080135504
11 20 0.292787255543
11 21 0.303783310782
11 22 0.372247864569
11 23 0.296637217307
11 24 0.324521698326
11 25 0.348866627813
11 26 0.263498577476
11 27 0.292293659693
11 28 0.270903948682
11 29 0.308871918882
11 30 0.446852495584
11 31 0.140965647879
11 32 0.258552881949
11 33 0.836910659687
11 34 0.2975751419
11 35 0.302838132997
11 36 0.338008360257
11 37 0.283211114225
11 38 0.250521253225
11 39 0.347016638751
11 40 0.263301430922
11 41 0.282284705003
11 42 0.292321309491
11 43 0.321828134993
11 44 0.272773622188
11 45 0.310820891932
11 46 0.332884374148
11 47 0.312737208939
11 48 0.325748076301
11 49 0.359526890971
11 50 0.279465058283
11 51 0.270628838463
11 52 0.289485557576
11 53 0.363802764061
11 54 0.378515431437
11 55 0.325495716883
11 56 0.347209327041
11 57 0.402187194778
11 58 0.345574128384
11 59 0.341173055005
11 60 0.350718095893
11 61 0.310776697536
11 62 0.279362103946
11 63 0.2967095104
11 64 0.311472403425
11 65 0.301378962851
11 66 0.362063040283
11 67 0.411996420341
11 68 0.327860141451
11 69 0.352779333414
11 70 0.266610593279
11 71 0.296973099758
11 72 0.346282035169
11 73 0.353353652905
11 74 0.354062246927
11 75 0.29951154963
11 76 0.119418271567
11 77 0.102215499203
11 78 0.293764370333
11 79 0.0079720420028
11 80 0.0550963022379
11 81 0.278341608866
11 82 0.904364523031
11 83 0.398795837713
11 84 0.267224080613
11 85 0.15645644441
11 86 0.219568570233
11 87 0.168081960356
11 88 0.065839119804
11 89 0.0965743393754
11 90 0.238966192334
11 91 0.11335481561
11 92 0.293577010421
11 93 0.357733422956
11 94 0.326297775873
11 95 0.284297400528
11 96 0.2835781615
11 97 0.402108104435
11 98 0.31535203322
11 99 0.0787663017633
12 1 0.370900531375
12 2 0.644510410857
12 3 0.773623111766
12 4 0.784446373993
12 5 0.754196772898
12 6 0.727770622845
12 7 0.762761137655
12 8 0.787638669568
12 9 0.748053975963
12 10 0.772141259622
12 11 0.319151796221
12 12 1.0
12 13 0.881984558862
12 14 0.806991882771
12 15 0.723662271612
12 16 0.685062522223
12 17 0.651389279389
12 18 0.63576618174
12 19 0.679629166469
12 20 0.858786108843
12 21 0.729040933639
12 22 0.649672700218
12 23 0.625480767348
12 24 0.733648891844
12 25 0.751099720552
12 26 0.669535441723
12 27 0.713335419785
12 28 0.739553665235
12 29 0.796899617737
12 30 0.605901588398
12 31 0.532637824191
12 32 0.636792406022
12 33 0.381015276174
12 34 0.747086480368
12 35 0.669185611316
12 36 0.687806294503
12 37 0.694094476414
12 38 0.818636127613
12 39 0.680653663135
12 40 0.682702994109
12 41 0.763440053466
12 42 0.678669738037
12 43 0.722194299333
12 44 0.713040924127
12 45 0.763481723092
12 46 0.730520394093
12 47 0.777429578373
12 48 0.657153431434
12 49 0.645207311606
12 50 0.696867742052
12 51 0.706163021219
12 52 0.674712763296
12 53 0.746492514028
12 54 0.736445062527
12 55 0.667676617598
12 56 0.777977338148
12 57 0.677734266354
12 58 0.777781042306
12 59 0.728673180033
12 60 0.685375313741
12 61 0.723984853477
12 62 0.867316522116
12 63 0.83366743995
12 64 0.722512992707
12 65 0.717170006109
12 66 0.798267181033
12 67 0.620362257931
12 68 0.681864272983
12 69 0.750689114741
12 70 0.648967591972
12 71 0.681961623594
12 72 0.729037423411
12 73 0.728010090017
12 74 0.814163661435
12 75 0.725543572451
12 76 0.385114556685
12 77 0.425840046493
12 78 0.677425439967
12 79 0.423826176262
12 80 0.527234197491
12 81 0.685519964927
12 82 0.296885240805
12 83 0.644390006585
12 84 0.687904476209
12 85 0.598479154443
12 86 0.646668118192
12 87 0.586588501527
12 88 0.442975053441
12 89 0.506041780996
12 90 0.638806451191
12 91 0.484847469305
12 92 0.702793612418
12 93 0.714170441437
12 94 0.710043357173
12 95 0.803226912629
12 96 0.670739394843
12 97 0.611781636933
12 98 0.692872828045
12 99 0.472414352057
13 1 0.348288222224
13 2 0.692558640763
13 3 0.842856986226
13 4 0.738001800015
13 5 0.846615538094
13 6 0.79333901802
13 7 0.833908247438
13 8 0.798497448706
13 9 0.782554439949
13 10 0.837858058801
13 11 0.297766413544
13 12 0.881984558862
13 13 1.0
13 14 0.846874514529
13 15 0.791806827859
13 16 0.753686179428
13 17 0.713533800871
13 18 0.716484277609
13 19 0.688051992184
13 20 0.902716590151
13 21 0.675457115547
13 22 0.743544874401
13 23 0.690863484631
13 24 0.78948103116
13 25 0.763757467065
13 26 0.739725367058
13 27 0.722328145814
13 28 0.750423483852
13 29 0.902108264005
13 30 0.651321845169
13 31 0.607103427394
13 32 0.647410322805
13 33 0.368709626222
13 34 0.774994546978
13 35 0.753791297945
13 36 0.764620376116
13 37 0.769363741383
13 38 0.829045136794
13 39 0.685737172293
13 40 0.754840574193
13 41 0.778339780537
13 42 0.688953833496
13 43 0.774758455675
13 44 0.809790028454
13 45 0.775118652909
13 46 0.760244858846
13 47 0.784384634752
13 48 0.706375959869
13 49 0.735131837159
13 50 0.764211482734
13 51 0.776590519395
13 52 0.751606301018
13 53 0.688156507031
13 54 0.680145156393
13 55 0.733305238844
13 56 0.724692281223
13 57 0.715200890239
13 58 0.734428817772
13 59 0.810823900061
13 60 0.74968509514
13 61 0.735035134754
13 62 0.814060547069
13 63 0.787189466821
13 64 0.782013730997
13 65 0.780459312705
13 66 0.743817004885
13 67 0.690311019727
13 68 0.736765179649
13 69 0.822741955859
13 70 0.727120802202
13 71 0.746434961259
13 72 0.67880579054
13 73 0.675520014229
13 74 0.704477671726
13 75 0.787425092186
13 76 0.451133397253
13 77 0.504518169414
13 78 0.772312762477
13 79 0.505270105064
13 80 0.630431873694
13 81 0.778074944046
13 82 0.286541135844
13 83 0.690815499417
13 84 0.760206230296
13 85 0.678889599401
13 86 0.66039018759
13 87 0.662687543527
13 88 0.540907714267
13 89 0.591366740744
13 90 0.72258369951
13 91 0.572916946574
13 92 0.793252216156
13 93 0.772756704471
13 94 0.804881110773
13 95 0.909057556386
13 96 0.746039177859
13 97 0.550620188909
13 98 0.760648066564
13 99 0.561707179156
14 1 0.341430983086
14 2 0.67970253239
14 3 0.760271480477
14 4 0.722353473598
14 5 0.831268533011
14 6 0.722359262285
14 7 0.761420719358
14 8 0.681561204587
14 9 0.752877035305
14 10 0.725819964369
14 11 0.297671776965
14 12 0.806991882771
14 13 0.846874514529
14 14 1.0
14 15 0.774793560488
14 16 0.725752123579
14 17 0.669678934181
14 18 0.677543650423
14 19 0.625577666578
14 20 0.869356028263
14 21 0.699229108975
14 22 0.691077083139
14 23 0.645412965584
14 24 0.736025266994
14 25 0.677647862947
14 26 0.684959003366
14 27 0.668707760712
14 28 0.698409983838
14 29 0.82119388229
14 30 0.707729364515
14 31 0.523986956589
14 32 0.575095606742
14 33 0.343703928255
14 34 0.761380898929
14 35 0.70421394618
14 36 0.778131163572
14 37 0.729228264003
14 38 0.725377401255
14 39 0.642158159173
14 40 0.700915423716
14 41 0.667710618565
14 42 0.654391299928
14 43 0.703414578425
14 44 0.740888367061
14 45 0.680290880423
14 46 0.73851376926
14 47 0.710667672288
14 48 0.678313053978
14 49 0.694222646266
14 50 0.695751216316
14 51 0.711296182464
14 52 0.694975492373
14 53 0.706173459825
14 54 0.702322451216
14 55 0.693066595754
14 56 0.686684546914
14 57 0.711391482567
14 58 0.733735698247
14 59 0.727117755506
14 60 0.707420122953
14 61 0.669264681513
14 62 0.711330422602
14 63 0.735588633362
14 64 0.712869689973
14 65 0.717677803001
14 66 0.669822106202
14 67 0.682903024305
14 68 0.690254657972
14 69 0.776779199524
14 70 0.661209812249
14 71 0.678830931509
14 72 0.679283348515
14 73 0.679892810368
14 74 0.708318910613
14 75 0.737962953798
14 76 0.371393935017
14 77 0.439798750903
14 78 0.790205968603
14 79 0.434602570418
14 80 0.539110492826
14 81 0.824486991321
14 82 0.269872490454
14 83 0.655433222343
14 84 0.698659817018
14 85 0.575698631389
14 86 0.581020299642
14 87 0.598895869537
14 88 0.488464342648
14 89 0.510738893473
14 90 0.661656135163
14 91 0.483211423505
14 92 0.793516542325
14 93 0.723292957708
14 94 0.714416321548
14 95 0.82201980372
14 96 0.697801251131
14 97 0.526422277835
14 98 0.72018884907
14 99 0.503031964125
15 1 0.31496995013
15 2 0.774970162333
15 3 0.870200986074
15 4 0.786227648735
15 5 0.862849704949
15 6 0.933938584479
15 7 0.926066581608
15 8 0.850561064664
15 9 0.802476904342
15 10 0.944809429119
15 11 0.26357284005
15 12 0.723662271612
15 13 0.791806827859
15 14 0.774793560488
15 15 1.0
15 16 0.817968327384
15 17 0.784107306614
15 18 0.831623456249
15 19 0.761146869588
15 20 0.737252282209
15 21 0.765370159761
15 22 0.77341891989
15 23 0.75554776795
15 24 0.895288575745
15 25 0.791252283809
15 26 0.80138391767
15 27 0.801525979566
15 28 0.848016601842
15 29 0.747476689736
15 30 0.713148481625
15 31 0.673828853081
15 32 0.723682923225
15 33 0.317205914651
15 34 0.796743718758
15 35 0.799831224777
15 36 0.810388021392
15 37 0.849799440422
15 38 0.87862734137
15 39 0.757686109828
15 40 0.819015986546
15 41 0.840999857877
15 42 0.779001880653
15 43 0.813370527795
15 44 0.820778398917
15 45 0.81935330509
15 46 0.773562553908
15 47 0.863658982528
15 48 0.770530694006
15 49 0.778446982205
15 50 0.822174179396
15 51 0.83126831041
15 52 0.823375846201
15 53 0.66133571281
15 54 0.653605455534
15 55 0.804402397108
15 56 0.830085895499
15 57 0.786290406742
15 58 0.780114109978
15 59 0.818847062619
15 60 0.816062099068
15 61 0.834798426972
15 62 0.816013818685
15 63 0.791546040828
15 64 0.871699545174
15 65 0.917477628592
15 66 0.783110124285
15 67 0.706539533524
15 68 0.847264267743
15 69 0.882190269038
15 70 0.847127508188
15 71 0.809821362737
15 72 0.763382194923
15 73 0.755767773314
15 74 0.744989111865
15 75 0.806926081774
15 76 0.49625725731
15 77 0.560320518232
15 78 0.866785562693
15 79 0.568516905473
15 80 0.70964021972
15 81 0.865958348176
15 82 0.226351599687
15 83 0.739919880566
15 84 0.825160065126
15 85 0.698099073946
15 86 0.744965978293
15 87 0.730361418337
15 88 0.609513139971
15 89 0.6460101459
15 90 0.68917921149
15 91 0.633562869927
15 92 0.872910845706
15 93 0.831068032419
15 94 0.820072365307
15 95 0.800229609151
15 96 0.817401020982
15 97 0.4838730998
15 98 0.84238557583
15 99 0.627392740473
16 1 0.383104902267
16 2 0.84769510146
16 3 0.842794415824
16 4 0.813985965994
16 5 0.84334528903
16 6 0.803000003227
16 7 0.849816409773
16 8 0.773883899136
16 9 0.769699469044
16 10 0.811336286929
16 11 0.30250405
16 12 0.685062522223
16 13 0.753686179428
16 14 0.725752123579
16 15 0.817968327384
16 16 1.0
16 17 0.839091195533
16 18 0.85345725694
16 19 0.810707941353
16 20 0.714417494916
16 21 0.829166052055
16 22 0.799461356415
16 23 0.841078135231
16 24 0.819825470529
16 25 0.764166033595
16 26 0.867631225204
16 27 0.869457914975
16 28 0.785291355443
16 29 0.723968699763
16 30 0.630243512098
16 31 0.681360947021
16 32 0.753580660616
16 33 0.379278172876
16 34 0.813986490449
16 35 0.881475307387
16 36 0.83723274208
16 37 0.913045484656
16 38 0.810337837593
16 39 0.809594429102
16 40 0.869235490925
16 41 0.752070119115
16 42 0.839730642847
16 43 0.782803317866
16 44 0.846617140985
16 45 0.76809563714
16 46 0.744363517698
16 47 0.786560854717
16 48 0.852833383703
16 49 0.793678298346
16 50 0.861393636625
16 51 0.88674908381
16 52 0.873342927516
16 53 0.719827653779
16 54 0.719041970101
16 55 0.868128627826
16 56 0.764961596306
16 57 0.871932960211
16 58 0.80815522028
16 59 0.785472885531
16 60 0.874107063113
16 61 0.781078489599
16 62 0.797928611738
16 63 0.820719385743
16 64 0.791606116727
16 65 0.794437780539
16 66 0.749426783147
16 67 0.773779083155
16 68 0.823650013979
16 69 0.862010790707
16 70 0.849003256822
16 71 0.868380689126
16 72 0.861938809419
16 73 0.859955487128
16 74 0.783191784858
16 75 0.757619745883
16 76 0.487778555163
16 77 0.585107520434
16 78 0.793143184106
16 79 0.592012265283
16 80 0.723997239964
16 81 0.7737186102
16 82 0.268900614227
16 83 0.822774595344
16 84 0.862577445239
16 85 0.734791800931
16 86 0.767922225192
16 87 0.766595918368
16 88 0.639135544602
16 89 0.668092077163
16 90 0.707702162598
16 91 0.65010059162
16 92 0.806102819617
16 93 0.887922750396
16 94 0.77474575384
16 95 0.783824196296
16 96 0.868924618618
16 97 0.551637553637
16 98 0.889989407378
16 99 0.652939720117
17 1 0.368524546375
17 2 0.788537660735
17 3 0.774829168255
17 4 0.705651259663
17 5 0.781252284865
17 6 0.755835055272
17 7 0.786003239149
17 8 0.709676409933
17 9 0.717286872343
17 10 0.765163510876
17 11 0.288482420059
17 12 0.651389279389
17 13 0.713533800871
17 14 0.669678934181
17 15 0.784107306614
17 16 0.839091195533
17 17 1.0
17 18 0.796005038732
17 19 0.766023747867
17 20 0.655867056146
17 21 0.781955589479
17 22 0.742749503247
17 23 0.774222142342
17 24 0.759741570555
17 25 0.704742471528
17 26 0.800568192286
17 27 0.803659488555
17 28 0.749701804916
17 29 0.71813334732
17 30 0.590359851918
17 31 0.686095934408
17 32 0.757930650559
17 33 0.359051744622
17 34 0.708920942887
17 35 0.738269415512
17 36 0.773713301842
17 37 0.844038156511
17 38 0.746200798843
17 39 0.743859907348
17 40 0.861022916086
17 41 0.720450846731
17 42 0.795565335328
17 43 0.746220231089
17 44 0.779065530537
17 45 0.783060741091
17 46 0.7331810806
17 47 0.726871476782
17 48 0.786396421082
17 49 0.789603066283
17 50 0.865668217205
17 51 0.82769391723
17 52 0.819851293279
17 53 0.690380824665
17 54 0.664682670149
17 55 0.818006162877
17 56 0.695291381072
17 57 0.815083767954
17 58 0.697017987404
17 59 0.768446466288
17 60 0.81395071349
17 61 0.717573174142
17 62 0.744094883508
17 63 0.7212925088
17 64 0.729224712156
17 65 0.734926771123
17 66 0.734114866986
17 67 0.723100178474
17 68 0.764230976584
17 69 0.794184733008
17 70 0.790963612156
17 71 0.803714924342
17 72 0.779294516708
17 73 0.772838461885
17 74 0.682232987083
17 75 0.797579031008
17 76 0.457883799709
17 77 0.546370948594
17 78 0.729025241967
17 79 0.562692523174
17 80 0.697559234276
17 81 0.754684954706
17 82 0.273006265919
17 83 0.759094384026
17 84 0.804432678252
17 85 0.682584472458
17 86 0.74186268843
17 87 0.733167032872
17 88 0.583029790478
17 89 0.650169949982
17 90 0.666853107839
17 91 0.596219089924
17 92 0.741659091868
17 93 0.820697217923
17 94 0.770930091612
17 95 0.722367121218
17 96 0.813194081968
17 97 0.584667879489
17 98 0.884844938968
17 99 0.618527601535
18 1 0.379495951974
18 2 0.801150590502
18 3 0.820329972828
18 4 0.724593858221
18 5 0.807580792225
18 6 0.833258488216
18 7 0.821568308856
18 8 0.738820881994
18 9 0.735840860662
18 10 0.826325313024
18 11 0.309370565772
18 12 0.63576618174
18 13 0.716484277609
18 14 0.677543650423
18 15 0.831623456249
18 16 0.85345725694
18 17 0.796005038732
18 18 1.0
18 19 0.869726245931
18 20 0.670982634809
18 21 0.869257918636
18 22 0.770775505715
18 23 0.798864816229
18 24 0.78594888952
18 25 0.731717854421
18 26 0.88642280063
18 27 0.889605853541
18 28 0.754882770569
18 29 0.710931610447
18 30 0.604702699079
18 31 0.653015976384
18 32 0.777142582777
18 33 0.406570877997
18 34 0.724454200211
18 35 0.752975511413
18 36 0.798275999035
18 37 0.91200376609
18 38 0.832323353978
18 39 0.776229974304
18 40 0.877530760605
18 41 0.710919040106
18 42 0.852423503294
18 43 0.747806577641
18 44 0.764989739538
18 45 0.752433093774
18 46 0.709061786202
18 47 0.818381596716
18 48 0.806446390926
18 49 0.774902091534
18 50 0.861655460111
18 51 0.884461822523
18 52 0.891370984091
18 53 0.731239136703
18 54 0.735257531513
18 55 0.886645357805
18 56 0.68592615708
18 57 0.820457826812
18 58 0.715071447646
18 59 0.762342368552
18 60 0.881812840578
18 61 0.746522127502
18 62 0.762563406855
18 63 0.732975790084
18 64 0.782619136488
18 65 0.844347116569
18 66 0.71276177014
18 67 0.756631147583
18 68 0.796063046501
18 69 0.837019767385
18 70 0.94557688609
18 71 0.890782271816
18 72 0.839351917443
18 73 0.837659807938
18 74 0.701628874531
18 75 0.729343958199
18 76 0.475916051963
18 77 0.5678562034
18 78 0.78147509536
18 79 0.557101424199
18 80 0.700161261753
18 81 0.754675668448
18 82 0.304888685075
18 83 0.768426058048
18 84 0.86206235835
18 85 0.731629147551
18 86 0.789912015835
18 87 0.760881169013
18 88 0.619741127738
18 89 0.644329952089
18 90 0.693035723726
18 91 0.615894171275
18 92 0.768389570789
18 93 0.857679253885
18 94 0.746444402872
18 95 0.745947438743
18 96 0.889335678028
18 97 0.565276522416
18 98 0.905725695516
18 99 0.640692330581
19 1 0.397041084816
19 2 0.753112398966
19 3 0.807643865066
19 4 0.742281638398
19 5 0.767639327277
19 6 0.76355635956
19 7 0.789749612956
19 8 0.829328067312
19 9 0.71070707425
19 10 0.752216532187
19 11 0.356080135504
19 12 0.679629166469
19 13 0.688051992184
19 14 0.625577666578
19 15 0.761146869588
19 16 0.810707941353
19 17 0.766023747867
19 18 0.869726245931
19 19 1.0
19 20 0.63965712476
19 21 0.879400991892
19 22 0.766923794906
19 23 0.757782790715
19 24 0.789912251097
19 25 0.756438490525
19 26 0.863885306058
19 27 0.920660048761
19 28 0.828969936956
19 29 0.67362628092
19 30 0.620050099311
19 31 0.642619787587
19 32 0.824794257397
19 33 0.445440496847
19 34 0.729443060185
19 35 0.757546313472
19 36 0.861552142444
19 37 0.871481626393
19 38 0.735397684268
19 39 0.86797636558
19 40 0.837968754158
19 41 0.794135652013
19 42 0.876058492154
19 43 0.756890005134
19 44 0.729505878016
19 45 0.855095033718
19 46 0.713865746093
19 47 0.746975896405
19 48 0.806675997278
19 49 0.757677907284
19 50 0.833803008235
19 51 0.84927804387
19 52 0.860499526524
19 53 0.77052342427
19 54 0.777462348885
19 55 0.871315849595
19 56 0.753827807266
19 57 0.819509214462
19 58 0.751435408881
19 59 0.756407663427
19 60 0.876912532941
19 61 0.829119719019
19 62 0.769468130355
19 63 0.746413035212
19 64 0.777036470345
19 65 0.76197115409
19 66 0.825816710056
19 67 0.717166806428
19 68 0.789308174928
19 69 0.821866104253
19 70 0.85093811047
19 71 0.883520639193
19 72 0.874094962748
19 73 0.875413021287
19 74 0.741624533595
19 75 0.699096720093
19 76 0.520478940216
19 77 0.578818704086
19 78 0.747430461652
19 79 0.542858820152
19 80 0.674787302367
19 81 0.795143379918
19 82 0.319085544532
19 83 0.776323292723
19 84 0.853679054463
19 85 0.703919467987
19 86 0.83396300667
19 87 0.743905370705
19 88 0.577562315878
19 89 0.642446302812
19 90 0.653495905309
19 91 0.629095008832
19 92 0.759800405588
19 93 0.860476489148
19 94 0.720862495035
19 95 0.712511474844
19 96 0.855208725489
19 97 0.603864055299
19 98 0.864113957856
19 99 0.587892464138
20 1 0.342096422808
20 2 0.677047091009
20 3 0.801430377106
20 4 0.752471596022
20 5 0.806995407343
20 6 0.754870040461
20 7 0.790120986604
20 8 0.722627202672
20 9 0.796052486884
20 10 0.764798285176
20 11 0.292787255543
20 12 0.858786108843
20 13 0.902716590151
20 14 0.869356028263
20 15 0.737252282209
20 16 0.714417494916
20 17 0.655867056146
20 18 0.670982634809
20 19 0.63965712476
20 20 1.0
20 21 0.698545281462
20 22 0.694274041133
20 23 0.653145615544
20 24 0.745300681317
20 25 0.710771955491
20 26 0.695154670554
20 27 0.676383623638
20 28 0.713609613767
20 29 0.849426303692
20 30 0.719296297723
20 31 0.546445441574
20 32 0.588957218134
20 33 0.365442316711
20 34 0.795508662649
20 35 0.713728157551
20 36 0.731682927191
20 37 0.727486305411
20 38 0.757041209574
20 39 0.6457752149
20 40 0.697554688916
20 41 0.691651184752
20 42 0.635431764674
20 43 0.739261495209
20 44 0.765362880534
20 45 0.707730374976
20 46 0.776054097843
20 47 0.74289208595
20 48 0.728999548417
20 49 0.677886277144
20 50 0.684416130045
20 51 0.712673915257
20 52 0.685515556085
20 53 0.696392851631
20 54 0.700005616454
20 55 0.690512935571
20 56 0.724515551793
20 57 0.703882443086
20 58 0.747318663584
20 59 0.8190745053
20 60 0.706772724581
20 61 0.675151874038
20 62 0.737003457842
20 63 0.763906794088
20 64 0.749000144262
20 65 0.750253441835
20 66 0.691997482126
20 67 0.663755963402
20 68 0.699004649152
20 69 0.790729343738
20 70 0.676115265809
20 71 0.702129065562
20 72 0.679040120902
20 73 0.678150467608
20 74 0.72080967414
20 75 0.756768558586
20 76 0.434468062927
20 77 0.473317864179
20 78 0.73624196223
20 79 0.455394223837
20 80 0.56641861256
20 81 0.72120923725
20 82 0.249859934847
20 83 0.659177338653
20 84 0.7173477838
20 85 0.596961941835
20 86 0.595448893013
20 87 0.616280135577
20 88 0.507161455501
20 89 0.537934891365
20 90 0.694127948868
20 91 0.540404384902
20 92 0.753560597787
20 93 0.736828006121
20 94 0.738531446505
20 95 0.864037213557
