1 1 1.0
1 2 0.751878227949
1 3 0.849833314866
1 4 0.82322272843
1 5 0.83040228529
1 6 0.835813593675
1 7 0.847151329108
1 8 0.845659350713
1 9 0.732800534283
1 10 0.660061265832
1 11 0.673669854071
1 12 0.816492732715
1 13 0.828062206291
1 14 0.695420697076
1 15 0.717317129301
1 16 0.808429106746
1 17 0.775153597452
1 18 0.821714723789
1 19 0.838735403943
1 20 0.80221219665
1 21 0.718145017467
1 22 0.744119998687
1 23 0.752087707912
1 24 0.768177462868
1 25 0.763713549629
1 26 0.762196274554
1 27 0.747979261549
1 28 0.732454680915
1 29 0.758737332126
1 30 0.335270962468
1 31 0.848838395563
1 32 0.817013188477
1 33 0.902652756564
1 34 0.696469212643
1 35 0.645430732385
1 36 0.815922741752
1 37 0.719584073994
1 38 0.813323870965
1 39 0.788040787594
1 40 0.779045922315
1 41 0.74436418149
1 42 0.778854736909
1 43 0.698148849228
1 44 0.752798771734
1 45 0.76607041215
1 46 0.810324230878
1 47 0.840362134255
1 48 0.784807362547
1 49 0.804257521493
1 50 0.77415015608
1 51 0.760434094669
1 52 0.731317948317
1 53 0.612221637445
1 54 0.642699842519
1 55 0.802970331656
1 56 0.835705283685
1 57 0.837509560819
1 58 0.803505599758
1 59 0.843242572708
1 60 0.859606169344
1 61 0.75093135349
1 62 0.743925736283
1 63 0.768414001938
1 64 0.823062758855
1 65 0.854159188971
1 66 0.852447764263
1 67 0.383926218916
1 68 0.414991939758
1 69 0.770913898665
1 70 0.494951015058
1 71 0.301597620798
1 72 0.785791998624
1 73 0.768557315401
1 74 0.824830708867
1 75 0.792873208143
1 76 0.821242261751
1 77 0.867634484871
1 78 0.487578140457
1 79 0.443583125884
1 80 0.469354909074
1 81 0.480010114133
1 82 0.364712392749
1 83 0.62491338744
1 84 0.500985177795
1 85 0.426918431976
1 86 0.387217598916
1 87 0.393218849124
1 88 0.511839628268
1 89 0.493695482517
1 90 0.18219537032
1 91 0.196755585266
1 92 0.345590279622
1 93 0.472520013833
1 94 0.819117239419
1 95 0.816642312723
1 96 0.820037888502
1 97 0.772762929179
1 98 0.50870935538
1 99 0.470326826238
2 1 0.751878227949
2 2 1.0
2 3 0.693241404674
2 4 0.652534832367
2 5 0.700191231608
2 6 0.764916078231
2 7 0.793707018075
2 8 0.782909507005
2 9 0.611459383508
2 10 0.588323525448
2 11 0.644372200409
2 12 0.79363238488
2 13 0.781908275252
2 14 0.548055073864
2 15 0.580479049483
2 16 0.704513810974
2 17 0.684032357593
2 18 0.788041486189
2 19 0.795446305414
2 20 0.770030662076
2 21 0.558717658977
2 22 0.754617266557
2 23 0.793626958347
2 24 0.775498046464
2 25 0.71196313301
2 26 0.641858546877
2 27 0.614478208329
2 28 0.623653484284
2 29 0.579823274179
2 30 0.238159202964
2 31 0.765059550577
2 32 0.742161926399
2 33 0.731762355829
2 34 0.606331882148
2 35 0.574669697283
2 36 0.684748349893
2 37 0.541750030825
2 38 0.682781310577
2 39 0.737924453998
2 40 0.676936825256
2 41 0.643092638499
2 42 0.684507213717
2 43 0.62818802316
2 44 0.60680432884
2 45 0.636254095163
2 46 0.716993006241
2 47 0.699305886589
2 48 0.721137616894
2 49 0.68616103353
2 50 0.669439140228
2 51 0.642310852374
2 52 0.618193983534
2 53 0.551212187948
2 54 0.531284801975
2 55 0.711631712053
2 56 0.747288897648
2 57 0.725897427808
2 58 0.689007954088
2 59 0.757051074933
2 60 0.735528415928
2 61 0.629003085706
2 62 0.746332260154
2 63 0.622711790471
2 64 0.699471517971
2 65 0.729184584899
2 66 0.807004566058
2 67 0.396057073731
2 68 0.405869865497
2 69 0.636039090358
2 70 0.387295062325
2 71 0.374124765349
2 72 0.645481457
2 73 0.655929097152
2 74 0.725174039405
2 75 0.665990285275
2 76 0.736737764988
2 77 0.769729056942
2 78 0.409797264732
2 79 0.391566145076
2 80 0.387907830573
2 81 0.338671318422
2 82 0.266858399158
2 83 0.515076716353
2 84 0.414160702617
2 85 0.318865810212
2 86 0.284701381283
2 87 0.306914339583
2 88 0.446919387659
2 89 0.422258803221
2 90 0.13595242661
2 91 0.125838049857
2 92 0.290352248194
2 93 0.380670376968
2 94 0.73996419272
2 95 0.754130360956
2 96 0.763065805106
2 97 0.683369530304
2 98 0.368108415385
2 99 0.414352659857
3 1 0.849833314866
3 2 0.693241404674
3 3 1.0
3 4 0.890843657676
3 5 0.888035212499
3 6 0.876668760876
3 7 0.889858880618
3 8 0.864744343872
3 9 0.846594874552
3 10 0.793664006119
3 11 0.510637039936
3 12 0.826750509905
3 13 0.837191412482
3 14 0.848885170215
3 15 0.864475076867
3 16 0.839432538324
3 17 0.718231203728
3 18 0.841086919134
3 19 0.867985416451
3 20 0.825464967043
3 21 0.864034735122
3 22 0.669023280005
3 23 0.695177956787
3 24 0.692922653648
3 25 0.700846052485
3 26 0.845586810888
3 27 0.843410317054
3 28 0.856113193542
3 29 0.891364348746
3 30 0.354173399423
3 31 0.769211314608
3 32 0.73853925385
3 33 0.718454347871
3 34 0.844033169614
3 35 0.759116144559
3 36 0.90053071048
3 37 0.862338887225
3 38 0.90699501566
3 39 0.859978461316
3 40 0.867308018969
3 41 0.823521730063
3 42 0.861315402479
3 43 0.795392145745
3 44 0.849823177002
3 45 0.85692614378
3 46 0.871207252553
3 47 0.914857323419
3 48 0.852726101791
3 49 0.883559609325
3 50 0.872778394467
3 51 0.87041952855
3 52 0.825847673856
3 53 0.784196449465
3 54 0.736492694026
3 55 0.803046367455
3 56 0.889034408895
3 57 0.839866213002
3 58 0.908510295053
3 59 0.888559268406
3 60 0.813526580099
3 61 0.840773962125
3 62 0.704099501059
3 63 0.829942045581
3 64 0.86970579737
3 65 0.889622161134
3 66 0.863817122511
3 67 0.525821919601
3 68 0.614758827628
3 69 0.868318099937
3 70 0.629009755067
3 71 0.515445896454
3 72 0.8525211155
3 73 0.828026420837
3 74 0.803353111332
3 75 0.834187116262
3 76 0.778989874736
3 77 0.80186622036
3 78 0.574762015625
3 79 0.566154547209
3 80 0.605965245717
3 81 0.625262195624
3 82 0.301934450735
3 83 0.707029972642
3 84 0.610755627105
3 85 0.530651952345
3 86 0.489116393111
3 87 0.492687424694
3 88 0.618459928472
3 89 0.606768927058
3 90 0.229238264258
3 91 0.239811993877
3 92 0.413073952462
3 93 0.56683949069
3 94 0.821781104874
3 95 0.812243957095
3 96 0.832115355345
3 97 0.823745187667
3 98 0.588591560191
3 99 0.571336124252
4 1 0.82322272843
4 2 0.652534832367
4 3 0.890843657676
4 4 1.0
4 5 0.964764849462
4 6 0.864957464625
4 7 0.871114558514
4 8 0.846865927138
4 9 0.93849393927
4 10 0.876473729306
4 11 0.520312927025
4 12 0.833961156824
4 13 0.83072183899
4 14 0.918469466438
4 15 0.927020351268
4 16 0.902735291379
4 17 0.843667782898
4 18 0.822878410305
4 19 0.859299749934
4 20 0.861468722466
4 21 0.938346432704
4 22 0.689491105753
4 23 0.693837487248
4 24 0.714100086533
4 25 0.717203535657
4 26 0.929552418248
4 27 0.942734732812
4 28 0.917148160752
4 29 0.923910430451
4 30 0.397521369668
4 31 0.849867759535
4 32 0.825072795728
4 33 0.764184828821
4 34 0.886465986739
4 35 0.860258849471
4 36 0.920949390201
4 37 0.924174866061
4 38 0.948249912321
4 39 0.909861307794
4 40 0.924693322956
4 41 0.896749265903
4 42 0.927108532186
4 43 0.88161324377
4 44 0.942690784234
4 45 0.94032255752
4 46 0.929677446276
4 47 0.957046092523
4 48 0.910351896269
4 49 0.929235288851
4 50 0.940363996885
4 51 0.939888600186
4 52 0.924350085207
4 53 0.865248237363
4 54 0.87934427398
4 55 0.903614697229
4 56 0.923814182819
4 57 0.911927126211
4 58 0.94838375403
4 59 0.928936535031
4 60 0.90357165846
4 61 0.930526806493
4 62 0.806073118311
4 63 0.915997968852
4 64 0.93248566566
4 65 0.932987493703
4 66 0.858006348952
4 67 0.523807235439
4 68 0.69898611292
4 69 0.889026652179
4 70 0.652593544971
4 71 0.597258250536
4 72 0.944537196769
4 73 0.92630063529
4 74 0.917995296514
4 75 0.932802047692
4 76 0.831077702852
4 77 0.850087673935
4 78 0.600684488331
4 79 0.596883414028
4 80 0.644505583052
4 81 0.6348780659
4 82 0.314568490381
4 83 0.691612642164
4 84 0.637104823592
4 85 0.54921641873
4 86 0.506493982306
4 87 0.510614991324
4 88 0.636112816758
4 89 0.632830395446
4 90 0.25370956689
4 91 0.247107864794
4 92 0.504010212354
4 93 0.583186234047
4 94 0.852496049602
4 95 0.836320770461
4 96 0.823915668251
4 97 0.832007061041
4 98 0.631849638785
4 99 0.627809504005
5 1 0.83040228529
5 2 0.700191231608
5 3 0.888035212499
5 4 0.964764849462
5 5 1.0
5 6 0.878417979462
5 7 0.883013232928
5 8 0.866800428811
5 9 0.940773105468
5 10 0.893351710755
5 11 0.541905920177
5 12 0.844321228266
5 13 0.859650934488
5 14 0.892354766866
5 15 0.923272095161
5 16 0.915255441973
5 17 0.855337090735
5 18 0.855979010593
5 19 0.884588823209
5 20 0.866512855752
5 21 0.92304077869
5 22 0.718235846554
5 23 0.721361333116
5 24 0.729032101874
5 25 0.72816978724
5 26 0.93785529579
5 27 0.944195545619
5 28 0.914204408874
5 29 0.907296093338
5 30 0.399774942173
5 31 0.874566890195
5 32 0.832195665254
5 33 0.773102413125
5 34 0.894968753848
5 35 0.866002406237
5 36 0.940466932554
5 37 0.913324656214
5 38 0.94619687788
5 39 0.931456057683
5 40 0.93474468207
5 41 0.903472508462
5 42 0.929988871404
5 43 0.904987684334
5 44 0.948408283634
5 45 0.95313326409
5 46 0.945648233752
5 47 0.959942725268
5 48 0.928649145243
5 49 0.937382082397
5 50 0.943826738424
5 51 0.942737941389
5 52 0.925434013709
5 53 0.874332766968
5 54 0.876011259712
5 55 0.923139096208
5 56 0.939147267453
5 57 0.926024447726
5 58 0.936397193659
5 59 0.944588056565
5 60 0.934208256194
5 61 0.927266944443
5 62 0.843794599543
5 63 0.901587874275
5 64 0.943516819379
5 65 0.947667297066
5 66 0.891646367459
5 67 0.551835467947
5 68 0.703118183948
5 69 0.877876383643
5 70 0.675562960983
5 71 0.613393187697
5 72 0.944635528871
5 73 0.944301975239
5 74 0.918040970949
5 75 0.925061461982
5 76 0.849047377535
5 77 0.874569234395
5 78 0.629821467926
5 79 0.634420544006
5 80 0.66889807461
5 81 0.632901659774
5 82 0.315080596968
5 83 0.704139390765
5 84 0.663190861019
5 85 0.559459240211
5 86 0.514811466095
5 87 0.527781926236
5 88 0.66881508198
5 89 0.658490182014
5 90 0.270411457105
5 91 0.245146934614
5 92 0.532788947321
5 93 0.609796737187
5 94 0.854109456151
5 95 0.857736125491
5 96 0.84646568036
5 97 0.847452755583
5 98 0.637394585009
5 99 0.667514681327
6 1 0.835813593675
6 2 0.764916078231
6 3 0.876668760876
6 4 0.864957464625
6 5 0.878417979462
6 6 1.0
6 7 0.89947371594
6 8 0.915258028724
6 9 0.817496697827
6 10 0.803275191348
6 11 0.605549819828
6 12 0.866064969463
6 13 0.864254406773
6 14 0.778253383824
6 15 0.815633443876
6 16 0.827905857866
6 17 0.754175891839
6 18 0.896126114739
6 19 0.910497718529
6 20 0.860107260549
6 21 0.806936506022
6 22 0.736906018616
6 23 0.744337462287
6 24 0.802560928312
6 25 0.809071041285
6 26 0.847536920285
6 27 0.836036170958
6 28 0.842556072724
6 29 0.801668082183
6 30 0.328724242343
6 31 0.85945703835
6 32 0.823099382119
6 33 0.784942053496
6 34 0.797949160034
6 35 0.759446022731
6 36 0.846688603329
6 37 0.793382015797
6 38 0.880776103591
6 39 0.845000397074
6 40 0.878067323165
6 41 0.842878400827
6 42 0.877673270844
6 43 0.797525282457
6 44 0.812660542964
6 45 0.845915338751
6 46 0.874655381934
6 47 0.891413131027
6 48 0.849968795573
6 49 0.845801703585
6 50 0.863845834764
6 51 0.854947232036
6 52 0.826665575219
6 53 0.775800451492
6 54 0.754685408542
6 55 0.843877874209
6 56 0.907019410319
6 57 0.843109952214
6 58 0.87905643006
6 59 0.888656018101
6 60 0.86674461804
6 61 0.830485780168
6 62 0.817622075041
6 63 0.827821900945
6 64 0.885714650325
6 65 0.904120700038
6 66 0.897891011888
6 67 0.499878681613
6 68 0.599146876591
6 69 0.825904371228
6 70 0.563415226026
6 71 0.547698753739
6 72 0.848287312642
6 73 0.839369321376
6 74 0.861533812757
6 75 0.848430012139
6 76 0.827239322676
6 77 0.865128002669
6 78 0.529418437644
6 79 0.532450555518
6 80 0.551669051577
6 81 0.513689773571
6 82 0.304988131464
6 83 0.625994865024
6 84 0.566431339536
6 85 0.465140753858
6 86 0.425494716195
6 87 0.436946635371
6 88 0.589430672269
6 89 0.568307232509
6 90 0.201939629858
6 91 0.193832464346
6 92 0.407369601907
6 93 0.51059584249
6 94 0.850106366647
6 95 0.851578488466
6 96 0.879104598786
6 97 0.870751664491
6 98 0.536220675717
6 99 0.556930919071
7 1 0.847151329108
7 2 0.793707018075
7 3 0.889858880618
7 4 0.871114558514
7 5 0.883013232928
7 6 0.89947371594
7 7 1.0
7 8 0.922421699457
7 9 0.804720076676
7 10 0.766531880558
7 11 0.629574656022
7 12 0.868991220772
7 13 0.887747429347
7 14 0.790582308758
7 15 0.813749527945
7 16 0.822513994476
7 17 0.76713961081
7 18 0.885343328391
7 19 0.911263340114
7 20 0.872246480325
7 21 0.815071272916
7 22 0.760092872775
7 23 0.749843598015
7 24 0.811725468528
7 25 0.793617949816
7 26 0.828380133916
7 27 0.823980681973
7 28 0.84538562101
7 29 0.83493227767
7 30 0.346925927129
7 31 0.859510329921
7 32 0.834153579301
7 33 0.808497908282
7 34 0.78568496063
7 35 0.74470557475
7 36 0.834435834529
7 37 0.796660499789
7 38 0.888755194665
7 39 0.849750457832
7 40 0.869313294519
7 41 0.831558891274
7 42 0.864664105998
7 43 0.772242224674
7 44 0.81016793234
7 45 0.834962779677
7 46 0.863419728833
7 47 0.903923436319
7 48 0.829153760697
7 49 0.851897119155
7 50 0.856567852375
7 51 0.853702725487
7 52 0.821830667002
7 53 0.750657572232
7 54 0.754588514004
7 55 0.836195003155
7 56 0.901121957322
7 57 0.847712667104
7 58 0.892245654829
7 59 0.89267725554
7 60 0.882650652649
7 61 0.836155247855
7 62 0.791650990558
7 63 0.84256887775
7 64 0.876325056277
7 65 0.905618892453
7 66 0.911492825228
7 67 0.486278076699
7 68 0.558639720079
7 69 0.836823868708
7 70 0.560403657035
7 71 0.506362555585
7 72 0.846365711947
7 73 0.830634174856
7 74 0.87991110029
7 75 0.862650394715
7 76 0.829587363969
7 77 0.873639920149
7 78 0.515510621035
7 79 0.513163290706
7 80 0.545419950091
7 81 0.540272343984
7 82 0.3107073033
7 83 0.635966320433
7 84 0.554552181009
7 85 0.463953954082
7 86 0.42123646621
7 87 0.428039540912
7 88 0.566451003498
7 89 0.554430598165
7 90 0.190379648091
7 91 0.196287796789
7 92 0.394497255381
7 93 0.503905032462
7 94 0.864787364932
7 95 0.876653046856
7 96 0.866397166841
7 97 0.85909767693
7 98 0.55450277948
7 99 0.526245467804
8 1 0.845659350713
8 2 0.782909507005
8 3 0.864744343872
8 4 0.846865927138
8 5 0.866800428811
8 6 0.915258028724
8 7 0.922421699457
8 8 1.0
8 9 0.791367674102
8 10 0.767665800201
8 11 0.63620561596
8 12 0.895740732829
8 13 0.901540650931
8 14 0.74199639797
8 15 0.776670364787
8 16 0.80255726206
8 17 0.760245848567
8 18 0.910802328139
8 19 0.917498176593
8 20 0.859070190842
8 21 0.768322233819
8 22 0.786221479906
8 23 0.753424707286
8 24 0.820924727229
8 25 0.824133949108
8 26 0.818234079361
8 27 0.815554933272
8 28 0.810517246527
8 29 0.792549627839
8 30 0.324204519595
8 31 0.872978390542
8 32 0.842847582263
8 33 0.805076310405
8 34 0.783120179069
8 35 0.74281096669
8 36 0.836724278498
8 37 0.754626794785
8 38 0.864087874012
8 39 0.849558996624
8 40 0.851214263451
8 41 0.814829967109
8 42 0.868906382062
8 43 0.775136410847
8 44 0.789148813715
8 45 0.813058587209
8 46 0.877076164136
8 47 0.872592588208
8 48 0.834198257923
8 49 0.83593286744
8 50 0.83949545786
8 51 0.822691740949
8 52 0.792548126133
8 53 0.740910519849
8 54 0.725127591029
8 55 0.851954786649
8 56 0.904988058624
8 57 0.846102461082
8 58 0.858531211447
8 59 0.90391256192
8 60 0.871054221815
8 61 0.80049923491
8 62 0.816237158907
8 63 0.797038174108
8 64 0.881369732091
8 65 0.892131916866
8 66 0.914716179451
8 67 0.502655337725
8 68 0.539585470634
8 69 0.797183188886
8 70 0.546418884489
8 71 0.504824103633
8 72 0.828600936202
8 73 0.825244772028
8 74 0.869695906256
8 75 0.834177601517
8 76 0.843459483803
8 77 0.886984991317
8 78 0.532374210893
8 79 0.521885030164
8 80 0.533446147349
8 81 0.488319933465
8 82 0.304956873717
8 83 0.626180028801
8 84 0.554634142052
8 85 0.452867999464
8 86 0.4114877291
8 87 0.426139802553
8 88 0.579094142512
8 89 0.557311812414
8 90 0.196556750522
8 91 0.1889297868
8 92 0.400296839442
8 93 0.497184125358
8 94 0.872572119009
8 95 0.882603369913
8 96 0.907903310761
8 97 0.873124193562
8 98 0.516922279815
8 99 0.539463616153
9 1 0.732800534283
9 2 0.611459383508
9 3 0.846594874552
9 4 0.93849393927
9 5 0.940773105468
9 6 0.817496697827
9 7 0.804720076676
9 8 0.791367674102
9 9 1.0
9 10 0.944077146601
9 11 0.43070540573
9 12 0.76913271778
9 13 0.794492784022
9 14 0.932685661932
9 15 0.951658816494
9 16 0.867981098201
9 17 0.811551652847
9 18 0.789321079883
9 19 0.806257791916
9 20 0.808355515162
9 21 0.937326692682
9 22 0.644891340827
9 23 0.620887500362
9 24 0.642050977871
9 25 0.628699582469
9 26 0.953001322689
9 27 0.951053791116
9 28 0.924119013453
9 29 0.903778927808
9 30 0.385539842622
9 31 0.790345971988
9 32 0.740072403282
9 33 0.669325079452
9 34 0.935669576803
9 35 0.925787437787
9 36 0.931014393014
9 37 0.938380443302
9 38 0.923957776254
9 39 0.918277656102
9 40 0.931052310511
9 41 0.906139160929
9 42 0.922549960201
9 43 0.941188903982
9 44 0.964779479695
9 45 0.952795674233
9 46 0.936632037141
9 47 0.928444114741
9 48 0.925800031054
9 49 0.925943118759
9 50 0.959617065846
9 51 0.957718790587
9 52 0.947352061958
9 53 0.933470710462
9 54 0.916000172203
9 55 0.882371373569
9 56 0.900651079138
9 57 0.914697747745
9 58 0.911412096696
9 59 0.903971815404
9 60 0.869279535981
9 61 0.938424750043
9 62 0.826089339017
9 63 0.882048615732
9 64 0.910179597284
9 65 0.889751349127
9 66 0.811383769795
9 67 0.57713336564
9 68 0.831926912871
9 69 0.871680547728
9 70 0.675434155769
9 71 0.726099277152
9 72 0.939234724141
9 73 0.936185134879
9 74 0.866954728152
9 75 0.909312967558
9 76 0.761999082883
9 77 0.774448915507
9 78 0.630941772818
9 79 0.635777251233
9 80 0.669418080435
9 81 0.627205391186
9 82 0.294884994133
9 83 0.681171511145
9 84 0.656564573451
9 85 0.561397124152
9 86 0.529355283421
9 87 0.534514808043
9 88 0.678462223299
9 89 0.667718060714
9 90 0.29977479998
9 91 0.271990056154
9 92 0.549355760222
9 93 0.609385535868
9 94 0.802623269296
9 95 0.803127899129
9 96 0.783987784312
9 97 0.807798281585
9 98 0.62662048675
9 99 0.69043304917
10 1 0.660061265832
10 2 0.588323525448
10 3 0.793664006119
10 4 0.876473729306
10 5 0.893351710755
10 6 0.803275191348
10 7 0.766531880558
10 8 0.767665800201
10 9 0.944077146601
10 10 1.0
10 11 0.390198696904
10 12 0.739989050263
10 13 0.732859723423
10 14 0.902302925087
10 15 0.932616164718
10 16 0.832606725477
10 17 0.749380391177
10 18 0.78949574892
10 19 0.797447849182
10 20 0.754946474517
10 21 0.900169111295
10 22 0.59372939358
10 23 0.599393964305
10 24 0.61732350555
10 25 0.589733753971
10 26 0.950488280328
10 27 0.945711432755
10 28 0.919916379394
10 29 0.82664116238
10 30 0.361231627664
10 31 0.759572949716
10 32 0.733645004343
10 33 0.601521807216
10 34 0.950560748291
10 35 0.94750809936
10 36 0.901273580249
10 37 0.90159551925
10 38 0.8945187563
10 39 0.916587267433
10 40 0.918362119908
10 41 0.897990161957
10 42 0.916365217206
10 43 0.957836016823
10 44 0.918500421939
10 45 0.93411809171
10 46 0.904854764192
10 47 0.896073838536
10 48 0.915153322865
10 49 0.873450010478
10 50 0.944010368287
10 51 0.935134575176
10 52 0.92473497436
10 53 0.968896486597
10 54 0.922231740696
10 55 0.870815364921
10 56 0.893814634418
10 57 0.856195699077
10 58 0.872842415934
10 59 0.880010896495
10 60 0.835267952577
10 61 0.924698407979
10 62 0.844550011493
10 63 0.841011142548
10 64 0.888277199689
10 65 0.859212970129
10 66 0.789292753599
10 67 0.646312875416
10 68 0.863578409592
10 69 0.819771037915
10 70 0.645391012
10 71 0.826517252481
10 72 0.923634041227
10 73 0.931573911596
10 74 0.834718499234
10 75 0.850663445225
10 76 0.714909705241
10 77 0.734762714059
10 78 0.622238687745
10 79 0.633695532589
10 80 0.649400755796
10 81 0.559434554655
10 82 0.268703037528
10 83 0.661640999877
10 84 0.648313342166
10 85 0.554867425038
10 86 0.525955926406
10 87 0.539925537296
10 88 0.684063708103
10 89 0.662531358437
10 90 0.300043858776
10 91 0.263476273617
10 92 0.529783822466
10 93 0.592064275718
10 94 0.733669294208
10 95 0.743057441971
10 96 0.764414454618
10 97 0.796802899467
10 98 0.589261022347
10 99 0.691609904328
11 1 0.673669854071
11 2 0.644372200409
11 3 0.510637039936
11 4 0.520312927025
11 5 0.541905920177
11 6 0.605549819828
11 7 0.629574656022
11 8 0.63620561596
11 9 0.43070540573
11 10 0.390198696904
11 11 1.0
11 12 0.613483098081
11 13 0.626386510152
11 14 0.401951586678
11 15 0.420567242875
11 16 0.529896762121
11 17 0.583470662434
11 18 0.60746030306
11 19 0.61775937143
11 20 0.615449003153
11 21 0.419791579138
11 22 0.610382751635
11 23 0.630490477018
11 24 0.655367759377
11 25 0.650133428298
11 26 0.463664791487
11 27 0.453256695416
11 28 0.470376685345
11 29 0.450998825211
11 30 0.669044826604
11 31 0.648205876319
11 32 0.622718099016
11 33 0.72511403527
11 34 0.384998939956
11 35 0.383117077461
11 36 0.468539175808
11 37 0.411845062933
11 38 0.521697275936
11 39 0.517090913871
11 40 0.532409237286
11 41 0.512911889899
11 42 0.538649503416
11 43 0.42909990965
11 44 0.450699615018
11 45 0.471260867197
11 46 0.52098898163
11 47 0.541207030543
11 48 0.50425826007
11 49 0.496855027315
11 50 0.495352282236
11 51 0.478630938027
11 52 0.489947428253
11 53 0.35345682962
11 54 0.420708130902
11 55 0.540777104478
11 56 0.564904213909
11 57 0.572910550148
11 58 0.5304676304
11 59 0.575195182783
11 60 0.619503549851
11 61 0.487476515733
11 62 0.575869701894
11 63 0.533557503923
11 64 0.54904999493
11 65 0.583424241311
11 66 0.633768849271
11 67 0.195137083996
11 68 0.217319207727
11 69 0.51808954379
11 70 0.247109530799
11 71 0.184118844416
11 72 0.506073009153
11 73 0.49510030393
11 74 0.622671100612
11 75 0.557944998415
11 76 0.59321684433
11 77 0.659820499275
11 78 0.242016808674
11 79 0.228667453433
11 80 0.23889473184
11 81 0.231681817862
11 82 0.807260519316
11 83 0.342756864106
11 84 0.257518654007
11 85 0.190641380382
11 86 0.153778154203
11 87 0.16674009422
11 88 0.267268785089
11 89 0.255615489702
11 90 0.0446330284866
11 91 0.0518288474722
11 92 0.187112566497
11 93 0.229707182525
11 94 0.617754087202
11 95 0.630799243745
11 96 0.611218279358
11 97 0.547270030613
11 98 0.291713158134
11 99 0.243180218061
12 1 0.816492732715
12 2 0.79363238488
12 3 0.826750509905
12 4 0.833961156824
12 5 0.844321228266
12 6 0.866064969463
12 7 0.868991220772
12 8 0.895740732829
12 9 0.76913271778
12 10 0.739989050263
12 11 0.613483098081
12 12 1.0
12 13 0.85607331939
12 14 0.724673898357
12 15 0.744845745634
12 16 0.792917799958
12 17 0.761843282232
12 18 0.88119755556
12 19 0.883402866028
12 20 0.875477332865
12 21 0.751055540753
12 22 0.741119994777
12 23 0.783744913713
12 24 0.800013946011
12 25 0.793739919664
12 26 0.791449169619
12 27 0.802053694652
12 28 0.765022750271
12 29 0.737562142465
12 30 0.315169149718
12 31 0.850601646725
12 32 0.832305546116
12 33 0.76479809415
12 34 0.767826342422
12 35 0.706345812302
12 36 0.815179499863
12 37 0.714591386668
12 38 0.832916792899
12 39 0.819498736634
12 40 0.820743422757
12 41 0.774108076336
12 42 0.839733719609
12 43 0.751306362162
12 44 0.7688467397
12 45 0.781276762417
12 46 0.85413123868
12 47 0.841934583485
12 48 0.837178259611
12 49 0.795695061231
12 50 0.798050809913
12 51 0.790094376106
12 52 0.746920189152
12 53 0.739180760118
12 54 0.713697186366
12 55 0.839946316622
12 56 0.887272514224
12 57 0.825367852031
12 58 0.837679771699
12 59 0.888614328078
12 60 0.829878627141
12 61 0.768522927137
12 62 0.808995629498
12 63 0.768729441536
12 64 0.846940195438
12 65 0.851057174608
12 66 0.883170597899
12 67 0.486947911248
12 68 0.513894565168
12 69 0.756096825784
12 70 0.519699603702
12 71 0.483909762595
12 72 0.812779098572
12 73 0.809809146462
12 74 0.84756436045
12 75 0.803279081516
12 76 0.825211324486
12 77 0.866274988983
12 78 0.523572421031
12 79 0.506418569618
12 80 0.513159417464
12 81 0.453797494923
12 82 0.290999254304
12 83 0.611371246219
12 84 0.540643082123
12 85 0.437137721868
12 86 0.397368146781
12 87 0.412829365836
12 88 0.55970331862
12 89 0.537073237558
12 90 0.194949010376
12 91 0.180401230584
12 92 0.391928947525
12 93 0.480966760218
12 94 0.826836676507
12 95 0.818125051292
12 96 0.869623896166
12 97 0.86288437941
12 98 0.481994407707
12 99 0.525992825468
13 1 0.828062206291
13 2 0.781908275252
13 3 0.837191412482
13 4 0.83072183899
13 5 0.859650934488
13 6 0.864254406773
13 7 0.887747429347
13 8 0.901540650931
13 9 0.794492784022
13 10 0.732859723423
13 11 0.626386510152
13 12 0.85607331939
13 13 1.0
13 14 0.730715088022
13 15 0.749103697988
13 16 0.792704324601
13 17 0.75136324717
13 18 0.867721329424
13 19 0.881844201503
13 20 0.868656295142
13 21 0.748550381762
13 22 0.810485709475
13 23 0.73772485669
13 24 0.800760643046
13 25 0.796875172792
13 26 0.795658810825
13 27 0.778289302521
13 28 0.777727355006
13 29 0.795446995638
13 30 0.32682499094
13 31 0.856197776875
13 32 0.79857526655
13 33 0.785869448119
13 34 0.774470508038
13 35 0.741457096513
13 36 0.817208826892
13 37 0.725539006916
13 38 0.843155520174
13 39 0.823572729295
13 40 0.828079508803
13 41 0.779195623673
13 42 0.834325452925
13 43 0.761219261208
13 44 0.801081060547
13 45 0.79191296883
13 46 0.867009060105
13 47 0.850647449349
13 48 0.817714787522
13 49 0.850926475336
13 50 0.81743112566
13 51 0.809280739364
13 52 0.780165205848
13 53 0.716417038298
13 54 0.698409180043
13 55 0.822519871212
13 56 0.865893705293
13 57 0.844043084016
13 58 0.827717444631
13 59 0.888568105101
13 60 0.868437500848
13 61 0.775023242808
13 62 0.788323220244
13 63 0.766848567247
13 64 0.840882317638
13 65 0.856835288345
13 66 0.889857615083
13 67 0.505787581374
13 68 0.510555583505
13 69 0.771714952945
13 70 0.530605782642
13 71 0.4737811853
13 72 0.795523061453
13 73 0.798576804293
13 74 0.842982252735
13 75 0.851686160982
13 76 0.825633553203
13 77 0.867605792682
13 78 0.52509402903
13 79 0.50645350886
13 80 0.525506798127
13 81 0.492892801468
13 82 0.299202651459
13 83 0.616121378018
13 84 0.540937800631
13 85 0.442647216758
13 86 0.391338735743
13 87 0.411179569487
13 88 0.553836871771
13 89 0.537735778654
13 90 0.192078682082
13 91 0.18148146778
13 92 0.393924784085
13 93 0.482601116406
13 94 0.889889899985
13 95 0.905475553538
13 96 0.874658548493
13 97 0.82670086528
13 98 0.513517972899
13 99 0.520008990153
14 1 0.695420697076
14 2 0.548055073864
14 3 0.848885170215
14 4 0.918469466438
14 5 0.892354766866
14 6 0.778253383824
14 7 0.790582308758
14 8 0.74199639797
14 9 0.932685661932
14 10 0.902302925087
14 11 0.401951586678
14 12 0.724673898357
14 13 0.730715088022
14 14 1.0
14 15 0.947602616687
14 16 0.847022853732
14 17 0.778653390705
14 18 0.722933816698
14 19 0.75840097323
14 20 0.786754212926
14 21 0.95244222239
14 22 0.575001449073
14 23 0.589105747992
14 24 0.592392141693
14 25 0.581864811309
14 26 0.903621146785
14 27 0.911098199865
14 28 0.93453182009
14 29 0.916745953838
14 30 0.38423334266
14 31 0.723398490127
14 32 0.695319837686
14 33 0.642758429838
14 34 0.885040195695
14 35 0.884134645937
14 36 0.8712048471
14 37 0.940142138091
14 38 0.916978583534
14 39 0.882602776351
14 40 0.915324732976
14 41 0.8852255991
14 42 0.90197836467
14 43 0.876057537809
14 44 0.92827829341
14 45 0.909733096703
14 46 0.867806355581
14 47 0.909349002591
14 48 0.871306202903
14 49 0.892437931634
14 50 0.935680498399
14 51 0.934817953833
14 52 0.940113209476
14 53 0.918736174426
14 54 0.919805878568
14 55 0.812917376253
14 56 0.853815894394
14 57 0.855721056304
14 58 0.92794012599
14 59 0.844433600745
14 60 0.816529088075
14 61 0.948797425517
14 62 0.726341038489
14 63 0.889675481715
14 64 0.862214562608
14 65 0.861379699212
14 66 0.745921682316
14 67 0.524046980859
14 68 0.823094536593
14 69 0.893183900825
14 70 0.587570776358
14 71 0.726020690267
14 72 0.912141392784
14 73 0.889554140841
14 74 0.843699954528
14 75 0.909418536288
14 76 0.673689377283
14 77 0.703381187257
14 78 0.534348327476
14 79 0.52990578154
14 80 0.581757086065
14 81 0.614512518399
14 82 0.288418335526
14 83 0.655513079522
14 84 0.57744481892
14 85 0.531006241087
14 86 0.494357342304
14 87 0.486720885002
14 88 0.588728972934
14 89 0.593845772701
14 90 0.244298337635
14 91 0.261300925558
14 92 0.44110863176
14 93 0.530472054309
14 94 0.770234045798
14 95 0.743658134671
14 96 0.70660494086
14 97 0.761310844567
14 98 0.60374420228
14 99 0.570747239291
15 1 0.717317129301
15 2 0.580479049483
15 3 0.864475076867
15 4 0.927020351268
15 5 0.923272095161
15 6 0.815633443876
15 7 0.813749527945
15 8 0.776670364787
15 9 0.951658816494
15 10 0.932616164718
15 11 0.420567242875
15 12 0.744845745634
15 13 0.749103697988
15 14 0.947602616687
15 15 1.0
15 16 0.877791216413
15 17 0.804956373913
15 18 0.761605884867
15 19 0.79688963239
15 20 0.789794833197
15 21 0.970332625428
15 22 0.584518271628
15 23 0.612394851538
15 24 0.612001648489
15 25 0.597472584441
15 26 0.930173439437
15 27 0.949219026154
15 28 0.966341981225
15 29 0.932575414158
15 30 0.420434725732
15 31 0.751181364864
15 32 0.706488110346
15 33 0.664979702721
15 34 0.911450713124
15 35 0.91286998247
15 36 0.900239689504
15 37 0.974257608807
15 38 0.942955225177
15 39 0.895218343017
15 40 0.93342719708
15 41 0.913631582923
15 42 0.924718655439
15 43 0.914781032514
15 44 0.948413421967
15 45 0.955107404429
15 46 0.883438381067
15 47 0.938172628718
15 48 0.891624982543
15 49 0.914367603877
15 50 0.955238291176
15 51 0.968772622878
15 52 0.960501784736
15 53 0.93454171691
15 54 0.935269089156
15 55 0.847463095724
15 56 0.888540300657
15 57 0.885668168533
15 58 0.94151246779
15 59 0.872737284608
15 60 0.845160890507
15 61 0.969743125849
15 62 0.774097675632
15 63 0.920548276693
15 64 0.898734906032
15 65 0.896778289103
15 66 0.788663773353
15 67 0.617262284597
15 68 0.814959698387
15 69 0.915010396896
15 70 0.727015503926
15 71 0.741864003208
15 72 0.954044309705
15 73 0.933634612682
15 74 0.85596025553
15 75 0.900869729836
15 76 0.740911685532
15 77 0.76195932257
15 78 0.635226806613
15 79 0.665770207663
15 80 0.720339876104
15 81 0.694950840773
15 82 0.292980192094
15 83 0.711404191821
15 84 0.687981205606
15 85 0.592310935493
15 86 0.553150996324
15 87 0.551406950228
15 88 0.683888635524
15 89 0.678324810102
15 90 0.288318121046
15 91 0.258628001253
15 92 0.571886912654
15 93 0.637411213768
15 94 0.773207075418
15 95 0.766773785898
15 96 0.742621540041
15 97 0.787349284824
15 98 0.701918396321
15 99 0.700182722468
16 1 0.808429106746
16 2 0.704513810974
16 3 0.839432538324
16 4 0.902735291379
16 5 0.915255441973
16 6 0.827905857866
16 7 0.822513994476
16 8 0.80255726206
16 9 0.867981098201
16 10 0.832606725477
16 11 0.529896762121
16 12 0.792917799958
16 13 0.792704324601
16 14 0.847022853732
16 15 0.877791216413
16 16 1.0
16 17 0.88649607607
16 18 0.784582768912
16 19 0.824355313755
16 20 0.80780382854
16 21 0.873418872412
16 22 0.668807173329
16 23 0.759485484619
16 24 0.682762249407
16 25 0.66678953383
16 26 0.885341409027
16 27 0.885767476814
16 28 0.872626458053
16 29 0.855088827027
16 30 0.376969988657
16 31 0.83553023742
16 32 0.796847649645
16 33 0.750741104766
16 34 0.832836753422
16 35 0.83171573254
16 36 0.88195050888
16 37 0.865873215131
16 38 0.902154034152
16 39 0.898126897849
16 40 0.884468247899
16 41 0.836111490386
16 42 0.866273458737
16 43 0.842329867108
16 44 0.895664325633
16 45 0.892678477275
16 46 0.881966671312
16 47 0.909049080204
16 48 0.892813431615
16 49 0.894159882566
16 50 0.899611633182
16 51 0.896140081348
16 52 0.883669101365
16 53 0.81951660527
16 54 0.835607988093
16 55 0.888336463663
16 56 0.87555633122
16 57 0.907131430059
16 58 0.894929356198
16 59 0.881980211598
16 60 0.882367953621
16 61 0.901521015452
16 62 0.778206129918
16 63 0.852847077812
16 64 0.89255598902
16 65 0.89913998582
16 66 0.829419472529
16 67 0.550962899888
16 68 0.625196143548
16 69 0.830785622718
16 70 0.614629631015
16 71 0.568237106816
16 72 0.899708973399
16 73 0.887469037349
16 74 0.864526357121
16 75 0.877744252995
16 76 0.828040431648
16 77 0.842651857769
16 78 0.562445299377
16 79 0.571264687813
16 80 0.615751524725
16 81 0.57814691944
16 82 0.29936262127
16 83 0.688964489756
16 84 0.599553032998
16 85 0.516096112308
16 86 0.468868998918
16 87 0.473264205191
16 88 0.607071821086
16 89 0.593601687103
16 90 0.225210481548
16 91 0.215428840044
16 92 0.46484974884
16 93 0.561161994055
16 94 0.797000406377
16 95 0.792694363999
16 96 0.782245414192
16 97 0.77006774964
16 98 0.596468098354
16 99 0.587036574664
17 1 0.775153597452
17 2 0.684032357593
17 3 0.718231203728
17 4 0.843667782898
17 5 0.855337090735
17 6 0.754175891839
17 7 0.76713961081
17 8 0.760245848567
17 9 0.811551652847
17 10 0.749380391177
17 11 0.583470662434
17 12 0.761843282232
17 13 0.75136324717
17 14 0.778653390705
17 15 0.804956373913
17 16 0.88649607607
17 17 1.0
17 18 0.739881450712
17 19 0.762910986571
17 20 0.779420073379
17 21 0.793258196139
17 22 0.682648541324
17 23 0.744432793196
17 24 0.700606198567
17 25 0.664085769815
17 26 0.816484978271
17 27 0.819755592262
17 28 0.804064553739
17 29 0.787647849388
17 30 0.364699626896
17 31 0.825180620885
17 32 0.765442021547
17 33 0.800869767763
17 34 0.711036091253
17 35 0.750311181164
17 36 0.788011887698
17 37 0.799533086038
17 38 0.826295494524
17 39 0.819883717315
17 40 0.826715872376
17 41 0.806862478841
17 42 0.819717084829
17 43 0.765923592573
17 44 0.839627550827
17 45 0.83534723506
17 46 0.805304091963
17 47 0.835096655004
17 48 0.817289082921
17 49 0.811192363947
17 50 0.831729723672
17 51 0.827578274701
17 52 0.837624253107
17 53 0.721383138872
17 54 0.81070730458
17 55 0.833088644688
17 56 0.806426668723
17 57 0.886239907775
17 58 0.824319498716
17 59 0.800993068805
17 60 0.875431241229
17 61 0.855243063955
17 62 0.784658445637
17 63 0.839946451733
17 64 0.834889443454
17 65 0.847283221231
17 66 0.785017393885
17 67 0.402916744877
17 68 0.594062666637
17 69 0.782549505617
17 70 0.552064174972
17 71 0.499046847904
17 72 0.846988455454
17 73 0.841728567918
17 74 0.87191275239
17 75 0.849508099616
17 76 0.791905349257
17 77 0.831635415571
17 78 0.485480189213
17 79 0.503432970216
17 80 0.541416753278
17 81 0.517611797542
17 82 0.307380048233
17 83 0.585008824424
17 84 0.524202935519
17 85 0.436764730731
17 86 0.390650037454
17 87 0.399821410529
17 88 0.52565045057
17 89 0.52763847029
17 90 0.189448056783
17 91 0.174284693638
17 92 0.459198419575
17 93 0.492570664158
17 94 0.78827284669
17 95 0.77756469853
17 96 0.725105779378
17 97 0.706812260102
17 98 0.553727049979
17 99 0.538024779957
18 1 0.821714723789
18 2 0.788041486189
18 3 0.841086919134
18 4 0.822878410305
18 5 0.855979010593
18 6 0.896126114739
18 7 0.885343328391
18 8 0.910802328139
18 9 0.789321079883
18 10 0.78949574892
18 11 0.60746030306
18 12 0.88119755556
18 13 0.867721329424
18 14 0.722933816698
18 15 0.761605884867
18 16 0.784582768912
18 17 0.739881450712
18 18 1.0
18 19 0.916568028216
18 20 0.843795167033
18 21 0.747531379369
18 22 0.772854376118
18 23 0.753604911185
18 24 0.803190440645
18 25 0.802329271199
18 26 0.830830090051
18 27 0.816623823223
18 28 0.788816644027
18 29 0.733499740695
18 30 0.312321340092
18 31 0.870273951704
18 32 0.837787041099
18 33 0.76175317702
18 34 0.791920607121
18 35 0.740957808993
18 36 0.837418578724
18 37 0.730970264579
18 38 0.842501675713
18 39 0.839455228487
18 40 0.836170516957
18 41 0.812484822008
18 42 0.850091501262
18 43 0.80505898657
18 44 0.769288397162
18 45 0.810360191691
18 46 0.870543110225
18 47 0.85884983539
18 48 0.842969202984
18 49 0.809640434044
18 50 0.825454689044
18 51 0.814998061487
18 52 0.773563510655
18 53 0.751854561535
18 54 0.717438368142
18 55 0.856067145
18 56 0.906065489802
18 57 0.814160743181
18 58 0.828676901072
18 59 0.895010075401
18 60 0.861434934288
18 61 0.781031929674
18 62 0.833629616687
18 63 0.776033962249
18 64 0.868922317571
18 65 0.884801431737
18 66 0.903908331214
18 67 0.512863715947
18 68 0.561375130793
18 69 0.766556648573
18 70 0.543388042637
18 71 0.52673120178
18 72 0.817555950915
18 73 0.824518143212
18 74 0.846615037322
18 75 0.798302609779
18 76 0.834379963173
18 77 0.868414195222
18 78 0.538175691809
18 79 0.531969710172
18 80 0.535051659488
18 81 0.456605861007
18 82 0.295508071348
18 83 0.615067558358
18 84 0.559817638912
18 85 0.456911339756
18 86 0.421290447966
18 87 0.444149793147
18 88 0.59401955799
18 89 0.56651283621
18 90 0.214839794386
18 91 0.197018238892
18 92 0.398765616266
18 93 0.502957690197
18 94 0.835980853009
18 95 0.842572279569
18 96 0.882807141166
18 97 0.852425701711
18 98 0.4908225716
18 99 0.557048762597
19 1 0.838735403943
19 2 0.795446305414
19 3 0.867985416451
19 4 0.859299749934
19 5 0.884588823209
19 6 0.910497718529
19 7 0.911263340114
19 8 0.917498176593
19 9 0.806257791916
19 10 0.797447849182
19 11 0.61775937143
19 12 0.883402866028
19 13 0.881844201503
19 14 0.75840097323
19 15 0.79688963239
19 16 0.824355313755
19 17 0.762910986571
19 18 0.916568028216
19 19 1.0
19 20 0.854541675207
19 21 0.786828023218
19 22 0.773079246149
19 23 0.763494566751
19 24 0.810074439564
19 25 0.806682150575
19 26 0.846377506802
19 27 0.845598281458
19 28 0.818046975749
19 29 0.777937498666
19 30 0.323941862721
19 31 0.879063193782
19 32 0.85265471861
19 33 0.79129816978
19 34 0.807150300239
19 35 0.762816328725
19 36 0.856839147244
19 37 0.767571537545
19 38 0.864385462909
19 39 0.857880113059
19 40 0.866876208722
19 41 0.822440770525
19 42 0.872194208304
19 43 0.809020056131
19 44 0.803978492644
19 45 0.843974576356
19 46 0.886894551092
19 47 0.886421909252
19 48 0.855478350716
19 49 0.843818537601
19 50 0.85099196532
19 51 0.839874420333
19 52 0.80638499181
19 53 0.768265795088
19 54 0.753521860496
19 55 0.867994881832
19 56 0.918942457307
19 57 0.848748056977
19 58 0.865803730613
19 59 0.908470255247
19 60 0.877958612639
19 61 0.821070344832
19 62 0.834169124978
19 63 0.807333213862
19 64 0.885463144963
19 65 0.901620119533
19 66 0.912135151253
19 67 0.514866983487
19 68 0.566322638937
19 69 0.793371701665
19 70 0.563852427528
19 71 0.528441777589
19 72 0.848829092358
19 73 0.842605075556
19 74 0.869649970144
19 75 0.833800223696
19 76 0.84902690524
19 77 0.882776072023
19 78 0.546128579161
19 79 0.538698012741
19 80 0.551585765334
19 81 0.496396198325
19 82 0.303704015288
19 83 0.638145084415
19 84 0.57347839302
19 85 0.468506048959
19 86 0.429963816062
19 87 0.445043219077
19 88 0.600144751482
19 89 0.571733755784
19 90 0.215127793048
19 91 0.202718985245
19 92 0.413265906489
19 93 0.519663102394
19 94 0.854674433776
19 95 0.851793233568
19 96 0.888620342846
19 97 0.874276061271
19 98 0.52472845294
19 99 0.561996862994
20 1 0.80221219665
20 2 0.770030662076
20 3 0.825464967043
20 4 0.861468722466
20 5 0.866512855752
20 6 0.860107260549
20 7 0.872246480325
20 8 0.859070190842
20 9 0.808355515162
20 10 0.754946474517
20 11 0.615449003153
20 12 0.875477332865
20 13 0.868656295142
20 14 0.786754212926
20 15 0.789794833197
20 16 0.80780382854
20 17 0.779420073379
20 18 0.843795167033
20 19 0.854541675207
20 20 1.0
20 21 0.801147430566
20 22 0.762681342725
20 23 0.775672914701
20 24 0.784782379253
20 25 0.803618141017
20 26 0.785831762234
20 27 0.79681323983
20 28 0.813961749366
20 29 0.808801559957
20 30 0.359374199997
20 31 0.821085408574
20 32 0.789777052047
20 33 0.788416289659
20 34 0.786085856096
20 35 0.754245308234
20 36 0.811657446105
20 37 0.766062138793
20 38 0.866463967086
20 39 0.836382047544
20 40 0.848499576695
20 41 0.816036320945
20 42 0.864429674827
20 43 0.785936822971
20 44 0.803670121645
20 45 0.803809440602
20 46 0.852171373867
20 47 0.861235687758
20 48 0.833463122614
20 49 0.827928307666
20 50 0.828412240746
20 51 0.832063902819
20 52 0.818812871482
20 53 0.756760997443
20 54 0.761247946085
20 55 0.797190110541
20 56 0.875035555734
20 57 0.840771216632
20 58 0.872231730426
20 59 0.882817388768
20 60 0.849887695977
20 61 0.821654159109
20 62 0.805540207902
20 63 0.832424541933
20 64 0.836022247262
20 65 0.84643184073
20 66 0.864404055124
20 67 0.507254217597
20 68 0.564438674554
20 69 0.84357251165
20 70 0.550088407424
20 71 0.525288480671
20 72 0.82924337959
20 73 0.823437452637
20 74 0.863197586574
20 75 0.856330332301
20 76 0.793900628649
20 77 0.857060383604
20 78 0.535578153123
20 79 0.522175341564
20 80 0.55537287965
20 81 0.535820093635
20 82 0.307155286235
20 83 0.630664808575
20 84 0.558028056455
20 85 0.458377836541
20 86 0.410920220551
20 87 0.421004368669
20 88 0.566243238682
20 89 0.548923985796
20 90 0.20266884219
20 91 0.186892143434
20 92 0.432513374159
20 93 0.498893429125
20 94 0.860765501495
20 95 0.832491081739
20 96 0.845493637269
